1177
0.02 0.02  0.0 0.0 0.005 0.001 255 0 0
0.02 0.04  0.0 0.0 0.005 0.001 255 0 0
0.02 0.06  0.0 0.0 0.005 0.001 255 0 0
0.02 0.08  0.0 0.0 0.005 0.001 255 0 0
0.02 0.1  0.0 0.0 0.005 0.001 255 0 0
0.02 0.12000000000000001  0.0 0.0 0.005 0.001 255 0 0
0.02 0.14  0.0 0.0 0.005 0.001 255 0 0
0.02 0.16  0.0 0.0 0.005 0.001 255 0 0
0.02 0.18  0.0 0.0 0.005 0.001 255 0 0
0.02 0.19999999999999998  0.0 0.0 0.005 0.001 255 0 0
0.02 0.21999999999999997  0.0 0.0 0.005 0.001 255 0 0
0.02 0.23999999999999996  0.0 0.0 0.005 0.001 255 0 0
0.02 0.25999999999999995  0.0 0.0 0.005 0.001 255 0 0
0.02 0.27999999999999997  0.0 0.0 0.005 0.001 255 0 0
0.02 0.3  0.0 0.0 0.005 0.001 255 0 0
0.02 0.32  0.0 0.0 0.005 0.001 255 0 0
0.02 0.34  0.0 0.0 0.005 0.001 255 0 0
0.02 0.36000000000000004  0.0 0.0 0.005 0.001 255 0 0
0.02 0.38000000000000006  0.0 0.0 0.005 0.001 255 0 0
0.02 0.4000000000000001  0.0 0.0 0.005 0.001 255 0 0
0.02 0.4200000000000001  0.0 0.0 0.005 0.001 255 0 0
0.02 0.4400000000000001  0.0 0.0 0.005 0.001 255 0 0
0.02 0.46000000000000013  0.0 0.0 0.005 0.001 255 0 0
0.02 0.48000000000000015  0.0 0.0 0.005 0.001 255 0 0
0.02 0.5000000000000001  0.0 0.0 0.005 0.001 255 0 0
0.02 0.5200000000000001  0.0 0.0 0.005 0.001 255 0 0
0.02 0.5400000000000001  0.0 0.0 0.005 0.001 255 0 0
0.02 0.5600000000000002  0.0 0.0 0.005 0.001 255 0 0
0.02 0.5800000000000002  0.0 0.0 0.005 0.001 255 0 0
0.02 0.6000000000000002  0.0 0.0 0.005 0.001 255 0 0
0.02 0.6200000000000002  0.0 0.0 0.005 0.001 255 0 0
0.02 0.6400000000000002  0.0 0.0 0.005 0.001 255 0 0
0.02 0.6600000000000003  0.0 0.0 0.005 0.001 255 0 0
0.02 0.6800000000000003  0.0 0.0 0.005 0.001 255 0 0
0.02 0.7000000000000003  0.0 0.0 0.005 0.001 255 0 0
0.02 0.7200000000000003  0.0 0.0 0.005 0.001 255 0 0
0.02 0.7400000000000003  0.0 0.0 0.005 0.001 255 0 0
0.02 0.7600000000000003  0.0 0.0 0.005 0.001 255 0 0
0.02 0.7800000000000004  0.0 0.0 0.005 0.001 255 0 0
0.02 0.8000000000000004  0.0 0.0 0.005 0.001 255 0 0
0.02 0.8200000000000004  0.0 0.0 0.005 0.001 255 0 0
0.02 0.8400000000000004  0.0 0.0 0.005 0.001 255 0 0
0.02 0.8600000000000004  0.0 0.0 0.005 0.001 255 0 0
0.02 0.8800000000000004  0.0 0.0 0.005 0.001 255 0 0
0.02 0.9000000000000005  0.0 0.0 0.005 0.001 255 0 0
0.02 0.9200000000000005  0.0 0.0 0.005 0.001 255 0 0
0.02 0.9400000000000005  0.0 0.0 0.005 0.001 255 0 0
0.02 0.9600000000000005  0.0 0.0 0.005 0.001 255 0 0
0.02 0.9800000000000005  0.0 0.0 0.005 0.001 255 0 0
0.04 0.02  0.0 0.0 0.005 0.001 255 0 0
0.04 0.04  0.0 0.0 0.005 0.001 255 0 0
0.04 0.06  0.0 0.0 0.005 0.001 255 0 0
0.04 0.08  0.0 0.0 0.005 0.001 255 0 0
0.04 0.1  0.0 0.0 0.005 0.001 255 0 0
0.04 0.12000000000000001  0.0 0.0 0.005 0.001 255 0 0
0.04 0.14  0.0 0.0 0.005 0.001 255 0 0
0.04 0.16  0.0 0.0 0.005 0.001 255 0 0
0.04 0.18  0.0 0.0 0.005 0.001 255 0 0
0.04 0.19999999999999998  0.0 0.0 0.005 0.001 255 0 0
0.04 0.21999999999999997  0.0 0.0 0.005 0.001 255 0 0
0.04 0.23999999999999996  0.0 0.0 0.005 0.001 255 0 0
0.04 0.25999999999999995  0.0 0.0 0.005 0.001 255 0 0
0.04 0.27999999999999997  0.0 0.0 0.005 0.001 255 0 0
0.04 0.3  0.0 0.0 0.005 0.001 255 0 0
0.04 0.32  0.0 0.0 0.005 0.001 255 0 0
0.04 0.34  0.0 0.0 0.005 0.001 255 0 0
0.04 0.36000000000000004  0.0 0.0 0.005 0.001 255 0 0
0.04 0.38000000000000006  0.0 0.0 0.005 0.001 255 0 0
0.04 0.4000000000000001  0.0 0.0 0.005 0.001 255 0 0
0.04 0.4200000000000001  0.0 0.0 0.005 0.001 255 0 0
0.04 0.4400000000000001  0.0 0.0 0.005 0.001 255 0 0
0.04 0.46000000000000013  0.0 0.0 0.005 0.001 255 0 0
0.04 0.48000000000000015  0.0 0.0 0.005 0.001 255 0 0
0.04 0.5000000000000001  0.0 0.0 0.005 0.001 255 0 0
0.04 0.5200000000000001  0.0 0.0 0.005 0.001 255 0 0
0.04 0.5400000000000001  0.0 0.0 0.005 0.001 255 0 0
0.04 0.5600000000000002  0.0 0.0 0.005 0.001 255 0 0
0.04 0.5800000000000002  0.0 0.0 0.005 0.001 255 0 0
0.04 0.6000000000000002  0.0 0.0 0.005 0.001 255 0 0
0.04 0.6200000000000002  0.0 0.0 0.005 0.001 255 0 0
0.04 0.6400000000000002  0.0 0.0 0.005 0.001 255 0 0
0.04 0.6600000000000003  0.0 0.0 0.005 0.001 255 0 0
0.04 0.6800000000000003  0.0 0.0 0.005 0.001 255 0 0
0.04 0.7000000000000003  0.0 0.0 0.005 0.001 255 0 0
0.04 0.7200000000000003  0.0 0.0 0.005 0.001 255 0 0
0.04 0.7400000000000003  0.0 0.0 0.005 0.001 255 0 0
0.04 0.7600000000000003  0.0 0.0 0.005 0.001 255 0 0
0.04 0.7800000000000004  0.0 0.0 0.005 0.001 255 0 0
0.04 0.8000000000000004  0.0 0.0 0.005 0.001 255 0 0
0.04 0.8200000000000004  0.0 0.0 0.005 0.001 255 0 0
0.04 0.8400000000000004  0.0 0.0 0.005 0.001 255 0 0
0.04 0.8600000000000004  0.0 0.0 0.005 0.001 255 0 0
0.04 0.8800000000000004  0.0 0.0 0.005 0.001 255 0 0
0.04 0.9000000000000005  0.0 0.0 0.005 0.001 255 0 0
0.04 0.9200000000000005  0.0 0.0 0.005 0.001 255 0 0
0.04 0.9400000000000005  0.0 0.0 0.005 0.001 255 0 0
0.04 0.9600000000000005  0.0 0.0 0.005 0.001 255 0 0
0.04 0.9800000000000005  0.0 0.0 0.005 0.001 255 0 0
0.06 0.02  0.0 0.0 0.005 0.001 255 0 0
0.06 0.04  0.0 0.0 0.005 0.001 255 0 0
0.06 0.06  0.0 0.0 0.005 0.001 255 0 0
0.06 0.08  0.0 0.0 0.005 0.001 255 0 0
0.06 0.1  0.0 0.0 0.005 0.001 255 0 0
0.06 0.12000000000000001  0.0 0.0 0.005 0.001 255 0 0
0.06 0.14  0.0 0.0 0.005 0.001 255 0 0
0.06 0.16  0.0 0.0 0.005 0.001 255 0 0
0.06 0.18  0.0 0.0 0.005 0.001 255 0 0
0.06 0.19999999999999998  0.0 0.0 0.005 0.001 255 0 0
0.06 0.21999999999999997  0.0 0.0 0.005 0.001 255 0 0
0.06 0.23999999999999996  0.0 0.0 0.005 0.001 255 0 0
0.06 0.25999999999999995  0.0 0.0 0.005 0.001 255 0 0
0.06 0.27999999999999997  0.0 0.0 0.005 0.001 255 0 0
0.06 0.3  0.0 0.0 0.005 0.001 255 0 0
0.06 0.32  0.0 0.0 0.005 0.001 255 0 0
0.06 0.34  0.0 0.0 0.005 0.001 255 0 0
0.06 0.36000000000000004  0.0 0.0 0.005 0.001 255 0 0
0.06 0.38000000000000006  0.0 0.0 0.005 0.001 255 0 0
0.06 0.4000000000000001  0.0 0.0 0.005 0.001 255 0 0
0.06 0.4200000000000001  0.0 0.0 0.005 0.001 255 0 0
0.06 0.4400000000000001  0.0 0.0 0.005 0.001 255 0 0
0.06 0.46000000000000013  0.0 0.0 0.005 0.001 255 0 0
0.06 0.48000000000000015  0.0 0.0 0.005 0.001 255 0 0
0.06 0.5000000000000001  0.0 0.0 0.005 0.001 255 0 0
0.06 0.5200000000000001  0.0 0.0 0.005 0.001 255 0 0
0.06 0.5400000000000001  0.0 0.0 0.005 0.001 255 0 0
0.06 0.5600000000000002  0.0 0.0 0.005 0.001 255 0 0
0.06 0.5800000000000002  0.0 0.0 0.005 0.001 255 0 0
0.06 0.6000000000000002  0.0 0.0 0.005 0.001 255 0 0
0.06 0.6200000000000002  0.0 0.0 0.005 0.001 255 0 0
0.06 0.6400000000000002  0.0 0.0 0.005 0.001 255 0 0
0.06 0.6600000000000003  0.0 0.0 0.005 0.001 255 0 0
0.06 0.6800000000000003  0.0 0.0 0.005 0.001 255 0 0
0.06 0.7000000000000003  0.0 0.0 0.005 0.001 255 0 0
0.06 0.7200000000000003  0.0 0.0 0.005 0.001 255 0 0
0.06 0.7400000000000003  0.0 0.0 0.005 0.001 255 0 0
0.06 0.7600000000000003  0.0 0.0 0.005 0.001 255 0 0
0.06 0.7800000000000004  0.0 0.0 0.005 0.001 255 0 0
0.06 0.8000000000000004  0.0 0.0 0.005 0.001 255 0 0
0.06 0.8200000000000004  0.0 0.0 0.005 0.001 255 0 0
0.06 0.8400000000000004  0.0 0.0 0.005 0.001 255 0 0
0.06 0.8600000000000004  0.0 0.0 0.005 0.001 255 0 0
0.06 0.8800000000000004  0.0 0.0 0.005 0.001 255 0 0
0.06 0.9000000000000005  0.0 0.0 0.005 0.001 255 0 0
0.06 0.9200000000000005  0.0 0.0 0.005 0.001 255 0 0
0.06 0.9400000000000005  0.0 0.0 0.005 0.001 255 0 0
0.06 0.9600000000000005  0.0 0.0 0.005 0.001 255 0 0
0.06 0.9800000000000005  0.0 0.0 0.005 0.001 255 0 0
0.08 0.02  0.0 0.0 0.005 0.001 255 0 0
0.08 0.04  0.0 0.0 0.005 0.001 255 0 0
0.08 0.06  0.0 0.0 0.005 0.001 255 0 0
0.08 0.08  0.0 0.0 0.005 0.001 255 0 0
0.08 0.1  0.0 0.0 0.005 0.001 255 0 0
0.08 0.12000000000000001  0.0 0.0 0.005 0.001 255 0 0
0.08 0.14  0.0 0.0 0.005 0.001 255 0 0
0.08 0.16  0.0 0.0 0.005 0.001 255 0 0
0.08 0.18  0.0 0.0 0.005 0.001 255 0 0
0.08 0.19999999999999998  0.0 0.0 0.005 0.001 255 0 0
0.08 0.21999999999999997  0.0 0.0 0.005 0.001 255 0 0
0.08 0.23999999999999996  0.0 0.0 0.005 0.001 255 0 0
0.08 0.25999999999999995  0.0 0.0 0.005 0.001 255 0 0
0.08 0.27999999999999997  0.0 0.0 0.005 0.001 255 0 0
0.08 0.3  0.0 0.0 0.005 0.001 255 0 0
0.08 0.32  0.0 0.0 0.005 0.001 255 0 0
0.08 0.34  0.0 0.0 0.005 0.001 255 0 0
0.08 0.36000000000000004  0.0 0.0 0.005 0.001 255 0 0
0.08 0.38000000000000006  0.0 0.0 0.005 0.001 255 0 0
0.08 0.4000000000000001  0.0 0.0 0.005 0.001 255 0 0
0.08 0.4200000000000001  0.0 0.0 0.005 0.001 255 0 0
0.08 0.4400000000000001  0.0 0.0 0.005 0.001 255 0 0
0.08 0.46000000000000013  0.0 0.0 0.005 0.001 255 0 0
0.08 0.48000000000000015  0.0 0.0 0.005 0.001 255 0 0
0.08 0.5000000000000001  0.0 0.0 0.005 0.001 255 0 0
0.08 0.5200000000000001  0.0 0.0 0.005 0.001 255 0 0
0.08 0.5400000000000001  0.0 0.0 0.005 0.001 255 0 0
0.08 0.5600000000000002  0.0 0.0 0.005 0.001 255 0 0
0.08 0.5800000000000002  0.0 0.0 0.005 0.001 255 0 0
0.08 0.6000000000000002  0.0 0.0 0.005 0.001 255 0 0
0.08 0.6200000000000002  0.0 0.0 0.005 0.001 255 0 0
0.08 0.6400000000000002  0.0 0.0 0.005 0.001 255 0 0
0.08 0.6600000000000003  0.0 0.0 0.005 0.001 255 0 0
0.08 0.6800000000000003  0.0 0.0 0.005 0.001 255 0 0
0.08 0.7000000000000003  0.0 0.0 0.005 0.001 255 0 0
0.08 0.7200000000000003  0.0 0.0 0.005 0.001 255 0 0
0.08 0.7400000000000003  0.0 0.0 0.005 0.001 255 0 0
0.08 0.7600000000000003  0.0 0.0 0.005 0.001 255 0 0
0.08 0.7800000000000004  0.0 0.0 0.005 0.001 255 0 0
0.08 0.8000000000000004  0.0 0.0 0.005 0.001 255 0 0
0.08 0.8200000000000004  0.0 0.0 0.005 0.001 255 0 0
0.08 0.8400000000000004  0.0 0.0 0.005 0.001 255 0 0
0.08 0.8600000000000004  0.0 0.0 0.005 0.001 255 0 0
0.08 0.8800000000000004  0.0 0.0 0.005 0.001 255 0 0
0.08 0.9000000000000005  0.0 0.0 0.005 0.001 255 0 0
0.08 0.9200000000000005  0.0 0.0 0.005 0.001 255 0 0
0.08 0.9400000000000005  0.0 0.0 0.005 0.001 255 0 0
0.08 0.9600000000000005  0.0 0.0 0.005 0.001 255 0 0
0.08 0.9800000000000005  0.0 0.0 0.005 0.001 255 0 0
0.1 0.02  0.0 0.0 0.005 0.001 255 0 0
0.1 0.04  0.0 0.0 0.005 0.001 255 0 0
0.1 0.06  0.0 0.0 0.005 0.001 255 0 0
0.1 0.08  0.0 0.0 0.005 0.001 255 0 0
0.1 0.1  0.0 0.0 0.005 0.001 255 0 0
0.1 0.12000000000000001  0.0 0.0 0.005 0.001 255 0 0
0.1 0.14  0.0 0.0 0.005 0.001 255 0 0
0.1 0.16  0.0 0.0 0.005 0.001 255 0 0
0.1 0.18  0.0 0.0 0.005 0.001 255 0 0
0.1 0.19999999999999998  0.0 0.0 0.005 0.001 255 0 0
0.1 0.21999999999999997  0.0 0.0 0.005 0.001 255 0 0
0.1 0.23999999999999996  0.0 0.0 0.005 0.001 255 0 0
0.1 0.25999999999999995  0.0 0.0 0.005 0.001 255 0 0
0.1 0.27999999999999997  0.0 0.0 0.005 0.001 255 0 0
0.1 0.3  0.0 0.0 0.005 0.001 255 0 0
0.1 0.32  0.0 0.0 0.005 0.001 255 0 0
0.1 0.34  0.0 0.0 0.005 0.001 255 0 0
0.1 0.36000000000000004  0.0 0.0 0.005 0.001 255 0 0
0.1 0.38000000000000006  0.0 0.0 0.005 0.001 255 0 0
0.1 0.4000000000000001  0.0 0.0 0.005 0.001 255 0 0
0.1 0.4200000000000001  0.0 0.0 0.005 0.001 255 0 0
0.1 0.4400000000000001  0.0 0.0 0.005 0.001 255 0 0
0.1 0.46000000000000013  0.0 0.0 0.005 0.001 255 0 0
0.1 0.48000000000000015  0.0 0.0 0.005 0.001 255 0 0
0.1 0.5000000000000001  0.0 0.0 0.005 0.001 255 0 0
0.1 0.5200000000000001  0.0 0.0 0.005 0.001 255 0 0
0.1 0.5400000000000001  0.0 0.0 0.005 0.001 255 0 0
0.1 0.5600000000000002  0.0 0.0 0.005 0.001 255 0 0
0.1 0.5800000000000002  0.0 0.0 0.005 0.001 255 0 0
0.1 0.6000000000000002  0.0 0.0 0.005 0.001 255 0 0
0.1 0.6200000000000002  0.0 0.0 0.005 0.001 255 0 0
0.1 0.6400000000000002  0.0 0.0 0.005 0.001 255 0 0
0.1 0.6600000000000003  0.0 0.0 0.005 0.001 255 0 0
0.1 0.6800000000000003  0.0 0.0 0.005 0.001 255 0 0
0.1 0.7000000000000003  0.0 0.0 0.005 0.001 255 0 0
0.1 0.7200000000000003  0.0 0.0 0.005 0.001 255 0 0
0.1 0.7400000000000003  0.0 0.0 0.005 0.001 255 0 0
0.1 0.7600000000000003  0.0 0.0 0.005 0.001 255 0 0
0.1 0.7800000000000004  0.0 0.0 0.005 0.001 255 0 0
0.1 0.8000000000000004  0.0 0.0 0.005 0.001 255 0 0
0.1 0.8200000000000004  0.0 0.0 0.005 0.001 255 0 0
0.1 0.8400000000000004  0.0 0.0 0.005 0.001 255 0 0
0.1 0.8600000000000004  0.0 0.0 0.005 0.001 255 0 0
0.1 0.8800000000000004  0.0 0.0 0.005 0.001 255 0 0
0.1 0.9000000000000005  0.0 0.0 0.005 0.001 255 0 0
0.1 0.9200000000000005  0.0 0.0 0.005 0.001 255 0 0
0.1 0.9400000000000005  0.0 0.0 0.005 0.001 255 0 0
0.1 0.9600000000000005  0.0 0.0 0.005 0.001 255 0 0
0.1 0.9800000000000005  0.0 0.0 0.005 0.001 255 0 0
0.12000000000000001 0.02  0.0 0.0 0.005 0.001 255 0 0
0.12000000000000001 0.04  0.0 0.0 0.005 0.001 255 0 0
0.12000000000000001 0.06  0.0 0.0 0.005 0.001 255 0 0
0.12000000000000001 0.08  0.0 0.0 0.005 0.001 255 0 0
0.12000000000000001 0.1  0.0 0.0 0.005 0.001 255 0 0
0.12000000000000001 0.12000000000000001  0.0 0.0 0.005 0.001 255 0 0
0.12000000000000001 0.14  0.0 0.0 0.005 0.001 255 0 0
0.12000000000000001 0.16  0.0 0.0 0.005 0.001 255 0 0
0.12000000000000001 0.18  0.0 0.0 0.005 0.001 255 0 0
0.12000000000000001 0.19999999999999998  0.0 0.0 0.005 0.001 255 0 0
0.12000000000000001 0.21999999999999997  0.0 0.0 0.005 0.001 255 0 0
0.12000000000000001 0.23999999999999996  0.0 0.0 0.005 0.001 255 0 0
0.12000000000000001 0.25999999999999995  0.0 0.0 0.005 0.001 255 0 0
0.12000000000000001 0.27999999999999997  0.0 0.0 0.005 0.001 255 0 0
0.12000000000000001 0.3  0.0 0.0 0.005 0.001 255 0 0
0.12000000000000001 0.32  0.0 0.0 0.005 0.001 255 0 0
0.12000000000000001 0.34  0.0 0.0 0.005 0.001 255 0 0
0.12000000000000001 0.36000000000000004  0.0 0.0 0.005 0.001 255 0 0
0.12000000000000001 0.38000000000000006  0.0 0.0 0.005 0.001 255 0 0
0.12000000000000001 0.4000000000000001  0.0 0.0 0.005 0.001 255 0 0
0.12000000000000001 0.4200000000000001  0.0 0.0 0.005 0.001 255 0 0
0.12000000000000001 0.4400000000000001  0.0 0.0 0.005 0.001 255 0 0
0.12000000000000001 0.46000000000000013  0.0 0.0 0.005 0.001 255 0 0
0.12000000000000001 0.48000000000000015  0.0 0.0 0.005 0.001 255 0 0
0.12000000000000001 0.5000000000000001  0.0 0.0 0.005 0.001 255 0 0
0.12000000000000001 0.5200000000000001  0.0 0.0 0.005 0.001 255 0 0
0.12000000000000001 0.5400000000000001  0.0 0.0 0.005 0.001 255 0 0
0.12000000000000001 0.5600000000000002  0.0 0.0 0.005 0.001 255 0 0
0.12000000000000001 0.5800000000000002  0.0 0.0 0.005 0.001 255 0 0
0.12000000000000001 0.6000000000000002  0.0 0.0 0.005 0.001 255 0 0
0.12000000000000001 0.6200000000000002  0.0 0.0 0.005 0.001 255 0 0
0.12000000000000001 0.6400000000000002  0.0 0.0 0.005 0.001 255 0 0
0.12000000000000001 0.6600000000000003  0.0 0.0 0.005 0.001 255 0 0
0.12000000000000001 0.6800000000000003  0.0 0.0 0.005 0.001 255 0 0
0.12000000000000001 0.7000000000000003  0.0 0.0 0.005 0.001 255 0 0
0.12000000000000001 0.7200000000000003  0.0 0.0 0.005 0.001 255 0 0
0.12000000000000001 0.7400000000000003  0.0 0.0 0.005 0.001 255 0 0
0.12000000000000001 0.7600000000000003  0.0 0.0 0.005 0.001 255 0 0
0.12000000000000001 0.7800000000000004  0.0 0.0 0.005 0.001 255 0 0
0.12000000000000001 0.8000000000000004  0.0 0.0 0.005 0.001 255 0 0
0.12000000000000001 0.8200000000000004  0.0 0.0 0.005 0.001 255 0 0
0.12000000000000001 0.8400000000000004  0.0 0.0 0.005 0.001 255 0 0
0.12000000000000001 0.8600000000000004  0.0 0.0 0.005 0.001 255 0 0
0.12000000000000001 0.8800000000000004  0.0 0.0 0.005 0.001 255 0 0
0.12000000000000001 0.9000000000000005  0.0 0.0 0.005 0.001 255 0 0
0.12000000000000001 0.9200000000000005  0.0 0.0 0.005 0.001 255 0 0
0.12000000000000001 0.9400000000000005  0.0 0.0 0.005 0.001 255 0 0
0.12000000000000001 0.9600000000000005  0.0 0.0 0.005 0.001 255 0 0
0.12000000000000001 0.9800000000000005  0.0 0.0 0.005 0.001 255 0 0
0.14 0.02  0.0 0.0 0.005 0.001 255 0 0
0.14 0.04  0.0 0.0 0.005 0.001 255 0 0
0.14 0.06  0.0 0.0 0.005 0.001 255 0 0
0.14 0.08  0.0 0.0 0.005 0.001 255 0 0
0.14 0.1  0.0 0.0 0.005 0.001 255 0 0
0.14 0.12000000000000001  0.0 0.0 0.005 0.001 255 0 0
0.14 0.14  0.0 0.0 0.005 0.001 255 0 0
0.14 0.16  0.0 0.0 0.005 0.001 255 0 0
0.14 0.18  0.0 0.0 0.005 0.001 255 0 0
0.14 0.19999999999999998  0.0 0.0 0.005 0.001 255 0 0
0.14 0.21999999999999997  0.0 0.0 0.005 0.001 255 0 0
0.14 0.23999999999999996  0.0 0.0 0.005 0.001 255 0 0
0.14 0.25999999999999995  0.0 0.0 0.005 0.001 255 0 0
0.14 0.27999999999999997  0.0 0.0 0.005 0.001 255 0 0
0.14 0.3  0.0 0.0 0.005 0.001 255 0 0
0.14 0.32  0.0 0.0 0.005 0.001 255 0 0
0.14 0.34  0.0 0.0 0.005 0.001 255 0 0
0.14 0.36000000000000004  0.0 0.0 0.005 0.001 255 0 0
0.14 0.38000000000000006  0.0 0.0 0.005 0.001 255 0 0
0.14 0.4000000000000001  0.0 0.0 0.005 0.001 255 0 0
0.14 0.4200000000000001  0.0 0.0 0.005 0.001 255 0 0
0.14 0.4400000000000001  0.0 0.0 0.005 0.001 255 0 0
0.14 0.46000000000000013  0.0 0.0 0.005 0.001 255 0 0
0.14 0.48000000000000015  0.0 0.0 0.005 0.001 255 0 0
0.14 0.5000000000000001  0.0 0.0 0.005 0.001 255 0 0
0.14 0.5200000000000001  0.0 0.0 0.005 0.001 255 0 0
0.14 0.5400000000000001  0.0 0.0 0.005 0.001 255 0 0
0.14 0.5600000000000002  0.0 0.0 0.005 0.001 255 0 0
0.14 0.5800000000000002  0.0 0.0 0.005 0.001 255 0 0
0.14 0.6000000000000002  0.0 0.0 0.005 0.001 255 0 0
0.14 0.6200000000000002  0.0 0.0 0.005 0.001 255 0 0
0.14 0.6400000000000002  0.0 0.0 0.005 0.001 255 0 0
0.14 0.6600000000000003  0.0 0.0 0.005 0.001 255 0 0
0.14 0.6800000000000003  0.0 0.0 0.005 0.001 255 0 0
0.14 0.7000000000000003  0.0 0.0 0.005 0.001 255 0 0
0.14 0.7200000000000003  0.0 0.0 0.005 0.001 255 0 0
0.14 0.7400000000000003  0.0 0.0 0.005 0.001 255 0 0
0.14 0.7600000000000003  0.0 0.0 0.005 0.001 255 0 0
0.14 0.7800000000000004  0.0 0.0 0.005 0.001 255 0 0
0.14 0.8000000000000004  0.0 0.0 0.005 0.001 255 0 0
0.14 0.8200000000000004  0.0 0.0 0.005 0.001 255 0 0
0.14 0.8400000000000004  0.0 0.0 0.005 0.001 255 0 0
0.14 0.8600000000000004  0.0 0.0 0.005 0.001 255 0 0
0.14 0.8800000000000004  0.0 0.0 0.005 0.001 255 0 0
0.14 0.9000000000000005  0.0 0.0 0.005 0.001 255 0 0
0.14 0.9200000000000005  0.0 0.0 0.005 0.001 255 0 0
0.14 0.9400000000000005  0.0 0.0 0.005 0.001 255 0 0
0.14 0.9600000000000005  0.0 0.0 0.005 0.001 255 0 0
0.14 0.9800000000000005  0.0 0.0 0.005 0.001 255 0 0
0.16 0.02  0.0 0.0 0.005 0.001 255 0 0
0.16 0.04  0.0 0.0 0.005 0.001 255 0 0
0.16 0.06  0.0 0.0 0.005 0.001 255 0 0
0.16 0.08  0.0 0.0 0.005 0.001 255 0 0
0.16 0.1  0.0 0.0 0.005 0.001 255 0 0
0.16 0.12000000000000001  0.0 0.0 0.005 0.001 255 0 0
0.16 0.14  0.0 0.0 0.005 0.001 255 0 0
0.16 0.16  0.0 0.0 0.005 0.001 255 0 0
0.16 0.18  0.0 0.0 0.005 0.001 255 0 0
0.16 0.19999999999999998  0.0 0.0 0.005 0.001 255 0 0
0.16 0.21999999999999997  0.0 0.0 0.005 0.001 255 0 0
0.16 0.23999999999999996  0.0 0.0 0.005 0.001 255 0 0
0.16 0.25999999999999995  0.0 0.0 0.005 0.001 255 0 0
0.16 0.27999999999999997  0.0 0.0 0.005 0.001 255 0 0
0.16 0.3  0.0 0.0 0.005 0.001 255 0 0
0.16 0.32  0.0 0.0 0.005 0.001 255 0 0
0.16 0.34  0.0 0.0 0.005 0.001 255 0 0
0.16 0.36000000000000004  0.0 0.0 0.005 0.001 255 0 0
0.16 0.38000000000000006  0.0 0.0 0.005 0.001 255 0 0
0.16 0.4000000000000001  0.0 0.0 0.005 0.001 255 0 0
0.16 0.4200000000000001  0.0 0.0 0.005 0.001 255 0 0
0.16 0.4400000000000001  0.0 0.0 0.005 0.001 255 0 0
0.16 0.46000000000000013  0.0 0.0 0.005 0.001 255 0 0
0.16 0.48000000000000015  0.0 0.0 0.005 0.001 255 0 0
0.16 0.5000000000000001  0.0 0.0 0.005 0.001 255 0 0
0.16 0.5200000000000001  0.0 0.0 0.005 0.001 255 0 0
0.16 0.5400000000000001  0.0 0.0 0.005 0.001 255 0 0
0.16 0.5600000000000002  0.0 0.0 0.005 0.001 255 0 0
0.16 0.5800000000000002  0.0 0.0 0.005 0.001 255 0 0
0.16 0.6000000000000002  0.0 0.0 0.005 0.001 255 0 0
0.16 0.6200000000000002  0.0 0.0 0.005 0.001 255 0 0
0.16 0.6400000000000002  0.0 0.0 0.005 0.001 255 0 0
0.16 0.6600000000000003  0.0 0.0 0.005 0.001 255 0 0
0.16 0.6800000000000003  0.0 0.0 0.005 0.001 255 0 0
0.16 0.7000000000000003  0.0 0.0 0.005 0.001 255 0 0
0.16 0.7200000000000003  0.0 0.0 0.005 0.001 255 0 0
0.16 0.7400000000000003  0.0 0.0 0.005 0.001 255 0 0
0.16 0.7600000000000003  0.0 0.0 0.005 0.001 255 0 0
0.16 0.7800000000000004  0.0 0.0 0.005 0.001 255 0 0
0.16 0.8000000000000004  0.0 0.0 0.005 0.001 255 0 0
0.16 0.8200000000000004  0.0 0.0 0.005 0.001 255 0 0
0.16 0.8400000000000004  0.0 0.0 0.005 0.001 255 0 0
0.16 0.8600000000000004  0.0 0.0 0.005 0.001 255 0 0
0.16 0.8800000000000004  0.0 0.0 0.005 0.001 255 0 0
0.16 0.9000000000000005  0.0 0.0 0.005 0.001 255 0 0
0.16 0.9200000000000005  0.0 0.0 0.005 0.001 255 0 0
0.16 0.9400000000000005  0.0 0.0 0.005 0.001 255 0 0
0.16 0.9600000000000005  0.0 0.0 0.005 0.001 255 0 0
0.16 0.9800000000000005  0.0 0.0 0.005 0.001 255 0 0
0.18 0.02  0.0 0.0 0.005 0.001 255 0 0
0.18 0.04  0.0 0.0 0.005 0.001 255 0 0
0.18 0.06  0.0 0.0 0.005 0.001 255 0 0
0.18 0.08  0.0 0.0 0.005 0.001 255 0 0
0.18 0.1  0.0 0.0 0.005 0.001 255 0 0
0.18 0.12000000000000001  0.0 0.0 0.005 0.001 255 0 0
0.18 0.14  0.0 0.0 0.005 0.001 255 0 0
0.18 0.16  0.0 0.0 0.005 0.001 255 0 0
0.18 0.18  0.0 0.0 0.005 0.001 255 0 0
0.18 0.19999999999999998  0.0 0.0 0.005 0.001 255 0 0
0.18 0.21999999999999997  0.0 0.0 0.005 0.001 255 0 0
0.18 0.23999999999999996  0.0 0.0 0.005 0.001 255 0 0
0.18 0.25999999999999995  0.0 0.0 0.005 0.001 255 0 0
0.18 0.27999999999999997  0.0 0.0 0.005 0.001 255 0 0
0.18 0.3  0.0 0.0 0.005 0.001 255 0 0
0.18 0.32  0.0 0.0 0.005 0.001 255 0 0
0.18 0.34  0.0 0.0 0.005 0.001 255 0 0
0.18 0.36000000000000004  0.0 0.0 0.005 0.001 255 0 0
0.18 0.38000000000000006  0.0 0.0 0.005 0.001 255 0 0
0.18 0.4000000000000001  0.0 0.0 0.005 0.001 255 0 0
0.18 0.4200000000000001  0.0 0.0 0.005 0.001 255 0 0
0.18 0.4400000000000001  0.0 0.0 0.005 0.001 255 0 0
0.18 0.46000000000000013  0.0 0.0 0.005 0.001 255 0 0
0.18 0.48000000000000015  0.0 0.0 0.005 0.001 255 0 0
0.18 0.5000000000000001  0.0 0.0 0.005 0.001 255 0 0
0.18 0.5200000000000001  0.0 0.0 0.005 0.001 255 0 0
0.18 0.5400000000000001  0.0 0.0 0.005 0.001 255 0 0
0.18 0.5600000000000002  0.0 0.0 0.005 0.001 255 0 0
0.18 0.5800000000000002  0.0 0.0 0.005 0.001 255 0 0
0.18 0.6000000000000002  0.0 0.0 0.005 0.001 255 0 0
0.18 0.6200000000000002  0.0 0.0 0.005 0.001 255 0 0
0.18 0.6400000000000002  0.0 0.0 0.005 0.001 255 0 0
0.18 0.6600000000000003  0.0 0.0 0.005 0.001 255 0 0
0.18 0.6800000000000003  0.0 0.0 0.005 0.001 255 0 0
0.18 0.7000000000000003  0.0 0.0 0.005 0.001 255 0 0
0.18 0.7200000000000003  0.0 0.0 0.005 0.001 255 0 0
0.18 0.7400000000000003  0.0 0.0 0.005 0.001 255 0 0
0.18 0.7600000000000003  0.0 0.0 0.005 0.001 255 0 0
0.18 0.7800000000000004  0.0 0.0 0.005 0.001 255 0 0
0.18 0.8000000000000004  0.0 0.0 0.005 0.001 255 0 0
0.18 0.8200000000000004  0.0 0.0 0.005 0.001 255 0 0
0.18 0.8400000000000004  0.0 0.0 0.005 0.001 255 0 0
0.18 0.8600000000000004  0.0 0.0 0.005 0.001 255 0 0
0.18 0.8800000000000004  0.0 0.0 0.005 0.001 255 0 0
0.18 0.9000000000000005  0.0 0.0 0.005 0.001 255 0 0
0.18 0.9200000000000005  0.0 0.0 0.005 0.001 255 0 0
0.18 0.9400000000000005  0.0 0.0 0.005 0.001 255 0 0
0.18 0.9600000000000005  0.0 0.0 0.005 0.001 255 0 0
0.18 0.9800000000000005  0.0 0.0 0.005 0.001 255 0 0
0.19999999999999998 0.02  0.0 0.0 0.005 0.001 255 0 0
0.19999999999999998 0.04  0.0 0.0 0.005 0.001 255 0 0
0.19999999999999998 0.06  0.0 0.0 0.005 0.001 255 0 0
0.19999999999999998 0.08  0.0 0.0 0.005 0.001 255 0 0
0.19999999999999998 0.1  0.0 0.0 0.005 0.001 255 0 0
0.19999999999999998 0.12000000000000001  0.0 0.0 0.005 0.001 255 0 0
0.19999999999999998 0.14  0.0 0.0 0.005 0.001 255 0 0
0.19999999999999998 0.16  0.0 0.0 0.005 0.001 255 0 0
0.19999999999999998 0.18  0.0 0.0 0.005 0.001 255 0 0
0.19999999999999998 0.19999999999999998  0.0 0.0 0.005 0.001 255 0 0
0.19999999999999998 0.21999999999999997  0.0 0.0 0.005 0.001 255 0 0
0.19999999999999998 0.23999999999999996  0.0 0.0 0.005 0.001 255 0 0
0.19999999999999998 0.25999999999999995  0.0 0.0 0.005 0.001 255 0 0
0.19999999999999998 0.27999999999999997  0.0 0.0 0.005 0.001 255 0 0
0.19999999999999998 0.3  0.0 0.0 0.005 0.001 255 0 0
0.19999999999999998 0.32  0.0 0.0 0.005 0.001 255 0 0
0.19999999999999998 0.34  0.0 0.0 0.005 0.001 255 0 0
0.19999999999999998 0.36000000000000004  0.0 0.0 0.005 0.001 255 0 0
0.19999999999999998 0.38000000000000006  0.0 0.0 0.005 0.001 255 0 0
0.19999999999999998 0.4000000000000001  0.0 0.0 0.005 0.001 255 0 0
0.19999999999999998 0.4200000000000001  0.0 0.0 0.005 0.001 255 0 0
0.19999999999999998 0.4400000000000001  0.0 0.0 0.005 0.001 255 0 0
0.19999999999999998 0.46000000000000013  0.0 0.0 0.005 0.001 255 0 0
0.19999999999999998 0.48000000000000015  0.0 0.0 0.005 0.001 255 0 0
0.19999999999999998 0.5000000000000001  0.0 0.0 0.005 0.001 255 0 0
0.19999999999999998 0.5200000000000001  0.0 0.0 0.005 0.001 255 0 0
0.19999999999999998 0.5400000000000001  0.0 0.0 0.005 0.001 255 0 0
0.19999999999999998 0.5600000000000002  0.0 0.0 0.005 0.001 255 0 0
0.19999999999999998 0.5800000000000002  0.0 0.0 0.005 0.001 255 0 0
0.19999999999999998 0.6000000000000002  0.0 0.0 0.005 0.001 255 0 0
0.19999999999999998 0.6200000000000002  0.0 0.0 0.005 0.001 255 0 0
0.19999999999999998 0.6400000000000002  0.0 0.0 0.005 0.001 255 0 0
0.19999999999999998 0.6600000000000003  0.0 0.0 0.005 0.001 255 0 0
0.19999999999999998 0.6800000000000003  0.0 0.0 0.005 0.001 255 0 0
0.19999999999999998 0.7000000000000003  0.0 0.0 0.005 0.001 255 0 0
0.19999999999999998 0.7200000000000003  0.0 0.0 0.005 0.001 255 0 0
0.19999999999999998 0.7400000000000003  0.0 0.0 0.005 0.001 255 0 0
0.19999999999999998 0.7600000000000003  0.0 0.0 0.005 0.001 255 0 0
0.19999999999999998 0.7800000000000004  0.0 0.0 0.005 0.001 255 0 0
0.19999999999999998 0.8000000000000004  0.0 0.0 0.005 0.001 255 0 0
0.19999999999999998 0.8200000000000004  0.0 0.0 0.005 0.001 255 0 0
0.19999999999999998 0.8400000000000004  0.0 0.0 0.005 0.001 255 0 0
0.19999999999999998 0.8600000000000004  0.0 0.0 0.005 0.001 255 0 0
0.19999999999999998 0.8800000000000004  0.0 0.0 0.005 0.001 255 0 0
0.19999999999999998 0.9000000000000005  0.0 0.0 0.005 0.001 255 0 0
0.19999999999999998 0.9200000000000005  0.0 0.0 0.005 0.001 255 0 0
0.19999999999999998 0.9400000000000005  0.0 0.0 0.005 0.001 255 0 0
0.19999999999999998 0.9600000000000005  0.0 0.0 0.005 0.001 255 0 0
0.19999999999999998 0.9800000000000005  0.0 0.0 0.005 0.001 255 0 0
0.21999999999999997 0.02  0.0 0.0 0.005 0.001 255 0 0
0.21999999999999997 0.04  0.0 0.0 0.005 0.001 255 0 0
0.21999999999999997 0.06  0.0 0.0 0.005 0.001 255 0 0
0.21999999999999997 0.08  0.0 0.0 0.005 0.001 255 0 0
0.21999999999999997 0.1  0.0 0.0 0.005 0.001 255 0 0
0.21999999999999997 0.12000000000000001  0.0 0.0 0.005 0.001 255 0 0
0.21999999999999997 0.14  0.0 0.0 0.005 0.001 255 0 0
0.21999999999999997 0.16  0.0 0.0 0.005 0.001 255 0 0
0.21999999999999997 0.18  0.0 0.0 0.005 0.001 255 0 0
0.21999999999999997 0.19999999999999998  0.0 0.0 0.005 0.001 255 0 0
0.21999999999999997 0.21999999999999997  0.0 0.0 0.005 0.001 255 0 0
0.21999999999999997 0.23999999999999996  0.0 0.0 0.005 0.001 255 0 0
0.21999999999999997 0.25999999999999995  0.0 0.0 0.005 0.001 255 0 0
0.21999999999999997 0.27999999999999997  0.0 0.0 0.005 0.001 255 0 0
0.21999999999999997 0.3  0.0 0.0 0.005 0.001 255 0 0
0.21999999999999997 0.32  0.0 0.0 0.005 0.001 255 0 0
0.21999999999999997 0.34  0.0 0.0 0.005 0.001 255 0 0
0.21999999999999997 0.36000000000000004  0.0 0.0 0.005 0.001 255 0 0
0.21999999999999997 0.38000000000000006  0.0 0.0 0.005 0.001 255 0 0
0.21999999999999997 0.4000000000000001  0.0 0.0 0.005 0.001 255 0 0
0.21999999999999997 0.4200000000000001  0.0 0.0 0.005 0.001 255 0 0
0.21999999999999997 0.4400000000000001  0.0 0.0 0.005 0.001 255 0 0
0.21999999999999997 0.46000000000000013  0.0 0.0 0.005 0.001 255 0 0
0.21999999999999997 0.48000000000000015  0.0 0.0 0.005 0.001 255 0 0
0.21999999999999997 0.5000000000000001  0.0 0.0 0.005 0.001 255 0 0
0.21999999999999997 0.5200000000000001  0.0 0.0 0.005 0.001 255 0 0
0.21999999999999997 0.5400000000000001  0.0 0.0 0.005 0.001 255 0 0
0.21999999999999997 0.5600000000000002  0.0 0.0 0.005 0.001 255 0 0
0.21999999999999997 0.5800000000000002  0.0 0.0 0.005 0.001 255 0 0
0.21999999999999997 0.6000000000000002  0.0 0.0 0.005 0.001 255 0 0
0.21999999999999997 0.6200000000000002  0.0 0.0 0.005 0.001 255 0 0
0.21999999999999997 0.6400000000000002  0.0 0.0 0.005 0.001 255 0 0
0.21999999999999997 0.6600000000000003  0.0 0.0 0.005 0.001 255 0 0
0.21999999999999997 0.6800000000000003  0.0 0.0 0.005 0.001 255 0 0
0.21999999999999997 0.7000000000000003  0.0 0.0 0.005 0.001 255 0 0
0.21999999999999997 0.7200000000000003  0.0 0.0 0.005 0.001 255 0 0
0.21999999999999997 0.7400000000000003  0.0 0.0 0.005 0.001 255 0 0
0.21999999999999997 0.7600000000000003  0.0 0.0 0.005 0.001 255 0 0
0.21999999999999997 0.7800000000000004  0.0 0.0 0.005 0.001 255 0 0
0.21999999999999997 0.8000000000000004  0.0 0.0 0.005 0.001 255 0 0
0.21999999999999997 0.8200000000000004  0.0 0.0 0.005 0.001 255 0 0
0.21999999999999997 0.8400000000000004  0.0 0.0 0.005 0.001 255 0 0
0.21999999999999997 0.8600000000000004  0.0 0.0 0.005 0.001 255 0 0
0.21999999999999997 0.8800000000000004  0.0 0.0 0.005 0.001 255 0 0
0.21999999999999997 0.9000000000000005  0.0 0.0 0.005 0.001 255 0 0
0.21999999999999997 0.9200000000000005  0.0 0.0 0.005 0.001 255 0 0
0.21999999999999997 0.9400000000000005  0.0 0.0 0.005 0.001 255 0 0
0.21999999999999997 0.9600000000000005  0.0 0.0 0.005 0.001 255 0 0
0.21999999999999997 0.9800000000000005  0.0 0.0 0.005 0.001 255 0 0
0.23999999999999996 0.02  0.0 0.0 0.005 0.001 255 0 0
0.23999999999999996 0.04  0.0 0.0 0.005 0.001 255 0 0
0.23999999999999996 0.06  0.0 0.0 0.005 0.001 255 0 0
0.23999999999999996 0.08  0.0 0.0 0.005 0.001 255 0 0
0.23999999999999996 0.1  0.0 0.0 0.005 0.001 255 0 0
0.23999999999999996 0.12000000000000001  0.0 0.0 0.005 0.001 255 0 0
0.23999999999999996 0.14  0.0 0.0 0.005 0.001 255 0 0
0.23999999999999996 0.16  0.0 0.0 0.005 0.001 255 0 0
0.23999999999999996 0.18  0.0 0.0 0.005 0.001 255 0 0
0.23999999999999996 0.19999999999999998  0.0 0.0 0.005 0.001 255 0 0
0.23999999999999996 0.21999999999999997  0.0 0.0 0.005 0.001 255 0 0
0.23999999999999996 0.23999999999999996  0.0 0.0 0.005 0.001 255 0 0
0.23999999999999996 0.25999999999999995  0.0 0.0 0.005 0.001 255 0 0
0.23999999999999996 0.27999999999999997  0.0 0.0 0.005 0.001 255 0 0
0.23999999999999996 0.3  0.0 0.0 0.005 0.001 255 0 0
0.23999999999999996 0.32  0.0 0.0 0.005 0.001 255 0 0
0.23999999999999996 0.34  0.0 0.0 0.005 0.001 255 0 0
0.23999999999999996 0.36000000000000004  0.0 0.0 0.005 0.001 255 0 0
0.23999999999999996 0.38000000000000006  0.0 0.0 0.005 0.001 255 0 0
0.23999999999999996 0.4000000000000001  0.0 0.0 0.005 0.001 255 0 0
0.23999999999999996 0.4200000000000001  0.0 0.0 0.005 0.001 255 0 0
0.23999999999999996 0.4400000000000001  0.0 0.0 0.005 0.001 255 0 0
0.23999999999999996 0.46000000000000013  0.0 0.0 0.005 0.001 255 0 0
0.23999999999999996 0.48000000000000015  0.0 0.0 0.005 0.001 255 0 0
0.23999999999999996 0.5000000000000001  0.0 0.0 0.005 0.001 255 0 0
0.23999999999999996 0.5200000000000001  0.0 0.0 0.005 0.001 255 0 0
0.23999999999999996 0.5400000000000001  0.0 0.0 0.005 0.001 255 0 0
0.23999999999999996 0.5600000000000002  0.0 0.0 0.005 0.001 255 0 0
0.23999999999999996 0.5800000000000002  0.0 0.0 0.005 0.001 255 0 0
0.23999999999999996 0.6000000000000002  0.0 0.0 0.005 0.001 255 0 0
0.23999999999999996 0.6200000000000002  0.0 0.0 0.005 0.001 255 0 0
0.23999999999999996 0.6400000000000002  0.0 0.0 0.005 0.001 255 0 0
0.23999999999999996 0.6600000000000003  0.0 0.0 0.005 0.001 255 0 0
0.23999999999999996 0.6800000000000003  0.0 0.0 0.005 0.001 255 0 0
0.23999999999999996 0.7000000000000003  0.0 0.0 0.005 0.001 255 0 0
0.23999999999999996 0.7200000000000003  0.0 0.0 0.005 0.001 255 0 0
0.23999999999999996 0.7400000000000003  0.0 0.0 0.005 0.001 255 0 0
0.23999999999999996 0.7600000000000003  0.0 0.0 0.005 0.001 255 0 0
0.23999999999999996 0.7800000000000004  0.0 0.0 0.005 0.001 255 0 0
0.23999999999999996 0.8000000000000004  0.0 0.0 0.005 0.001 255 0 0
0.23999999999999996 0.8200000000000004  0.0 0.0 0.005 0.001 255 0 0
0.23999999999999996 0.8400000000000004  0.0 0.0 0.005 0.001 255 0 0
0.23999999999999996 0.8600000000000004  0.0 0.0 0.005 0.001 255 0 0
0.23999999999999996 0.8800000000000004  0.0 0.0 0.005 0.001 255 0 0
0.23999999999999996 0.9000000000000005  0.0 0.0 0.005 0.001 255 0 0
0.23999999999999996 0.9200000000000005  0.0 0.0 0.005 0.001 255 0 0
0.23999999999999996 0.9400000000000005  0.0 0.0 0.005 0.001 255 0 0
0.23999999999999996 0.9600000000000005  0.0 0.0 0.005 0.001 255 0 0
0.23999999999999996 0.9800000000000005  0.0 0.0 0.005 0.001 255 0 0
0.25999999999999995 0.02  0.0 0.0 0.005 0.001 255 0 0
0.25999999999999995 0.04  0.0 0.0 0.005 0.001 255 0 0
0.25999999999999995 0.06  0.0 0.0 0.005 0.001 255 0 0
0.25999999999999995 0.08  0.0 0.0 0.005 0.001 255 0 0
0.25999999999999995 0.1  0.0 0.0 0.005 0.001 255 0 0
0.25999999999999995 0.12000000000000001  0.0 0.0 0.005 0.001 255 0 0
0.25999999999999995 0.14  0.0 0.0 0.005 0.001 255 0 0
0.25999999999999995 0.16  0.0 0.0 0.005 0.001 255 0 0
0.25999999999999995 0.18  0.0 0.0 0.005 0.001 255 0 0
0.25999999999999995 0.19999999999999998  0.0 0.0 0.005 0.001 255 0 0
0.25999999999999995 0.21999999999999997  0.0 0.0 0.005 0.001 255 0 0
0.25999999999999995 0.23999999999999996  0.0 0.0 0.005 0.001 255 0 0
0.25999999999999995 0.25999999999999995  0.0 0.0 0.005 0.001 255 0 0
0.25999999999999995 0.27999999999999997  0.0 0.0 0.005 0.001 255 0 0
0.25999999999999995 0.3  0.0 0.0 0.005 0.001 255 0 0
0.25999999999999995 0.32  0.0 0.0 0.005 0.001 255 0 0
0.25999999999999995 0.34  0.0 0.0 0.005 0.001 255 0 0
0.25999999999999995 0.36000000000000004  0.0 0.0 0.005 0.001 255 0 0
0.25999999999999995 0.38000000000000006  0.0 0.0 0.005 0.001 255 0 0
0.25999999999999995 0.4000000000000001  0.0 0.0 0.005 0.001 255 0 0
0.25999999999999995 0.4200000000000001  0.0 0.0 0.005 0.001 255 0 0
0.25999999999999995 0.4400000000000001  0.0 0.0 0.005 0.001 255 0 0
0.25999999999999995 0.46000000000000013  0.0 0.0 0.005 0.001 255 0 0
0.25999999999999995 0.48000000000000015  0.0 0.0 0.005 0.001 255 0 0
0.25999999999999995 0.5000000000000001  0.0 0.0 0.005 0.001 255 0 0
0.25999999999999995 0.5200000000000001  0.0 0.0 0.005 0.001 255 0 0
0.25999999999999995 0.5400000000000001  0.0 0.0 0.005 0.001 255 0 0
0.25999999999999995 0.5600000000000002  0.0 0.0 0.005 0.001 255 0 0
0.25999999999999995 0.5800000000000002  0.0 0.0 0.005 0.001 255 0 0
0.25999999999999995 0.6000000000000002  0.0 0.0 0.005 0.001 255 0 0
0.25999999999999995 0.6200000000000002  0.0 0.0 0.005 0.001 255 0 0
0.25999999999999995 0.6400000000000002  0.0 0.0 0.005 0.001 255 0 0
0.25999999999999995 0.6600000000000003  0.0 0.0 0.005 0.001 255 0 0
0.25999999999999995 0.6800000000000003  0.0 0.0 0.005 0.001 255 0 0
0.25999999999999995 0.7000000000000003  0.0 0.0 0.005 0.001 255 0 0
0.25999999999999995 0.7200000000000003  0.0 0.0 0.005 0.001 255 0 0
0.25999999999999995 0.7400000000000003  0.0 0.0 0.005 0.001 255 0 0
0.25999999999999995 0.7600000000000003  0.0 0.0 0.005 0.001 255 0 0
0.25999999999999995 0.7800000000000004  0.0 0.0 0.005 0.001 255 0 0
0.25999999999999995 0.8000000000000004  0.0 0.0 0.005 0.001 255 0 0
0.25999999999999995 0.8200000000000004  0.0 0.0 0.005 0.001 255 0 0
0.25999999999999995 0.8400000000000004  0.0 0.0 0.005 0.001 255 0 0
0.25999999999999995 0.8600000000000004  0.0 0.0 0.005 0.001 255 0 0
0.25999999999999995 0.8800000000000004  0.0 0.0 0.005 0.001 255 0 0
0.25999999999999995 0.9000000000000005  0.0 0.0 0.005 0.001 255 0 0
0.25999999999999995 0.9200000000000005  0.0 0.0 0.005 0.001 255 0 0
0.25999999999999995 0.9400000000000005  0.0 0.0 0.005 0.001 255 0 0
0.25999999999999995 0.9600000000000005  0.0 0.0 0.005 0.001 255 0 0
0.25999999999999995 0.9800000000000005  0.0 0.0 0.005 0.001 255 0 0
0.27999999999999997 0.02  0.0 0.0 0.005 0.001 255 0 0
0.27999999999999997 0.04  0.0 0.0 0.005 0.001 255 0 0
0.27999999999999997 0.06  0.0 0.0 0.005 0.001 255 0 0
0.27999999999999997 0.08  0.0 0.0 0.005 0.001 255 0 0
0.27999999999999997 0.1  0.0 0.0 0.005 0.001 255 0 0
0.27999999999999997 0.12000000000000001  0.0 0.0 0.005 0.001 255 0 0
0.27999999999999997 0.14  0.0 0.0 0.005 0.001 255 0 0
0.27999999999999997 0.16  0.0 0.0 0.005 0.001 255 0 0
0.27999999999999997 0.18  0.0 0.0 0.005 0.001 255 0 0
0.27999999999999997 0.19999999999999998  0.0 0.0 0.005 0.001 255 0 0
0.27999999999999997 0.21999999999999997  0.0 0.0 0.005 0.001 255 0 0
0.27999999999999997 0.23999999999999996  0.0 0.0 0.005 0.001 255 0 0
0.27999999999999997 0.25999999999999995  0.0 0.0 0.005 0.001 255 0 0
0.27999999999999997 0.27999999999999997  0.0 0.0 0.005 0.001 255 0 0
0.27999999999999997 0.3  0.0 0.0 0.005 0.001 255 0 0
0.27999999999999997 0.32  0.0 0.0 0.005 0.001 255 0 0
0.27999999999999997 0.34  0.0 0.0 0.005 0.001 255 0 0
0.27999999999999997 0.36000000000000004  0.0 0.0 0.005 0.001 255 0 0
0.27999999999999997 0.38000000000000006  0.0 0.0 0.005 0.001 255 0 0
0.27999999999999997 0.4000000000000001  0.0 0.0 0.005 0.001 255 0 0
0.27999999999999997 0.4200000000000001  0.0 0.0 0.005 0.001 255 0 0
0.27999999999999997 0.4400000000000001  0.0 0.0 0.005 0.001 255 0 0
0.27999999999999997 0.46000000000000013  0.0 0.0 0.005 0.001 255 0 0
0.27999999999999997 0.48000000000000015  0.0 0.0 0.005 0.001 255 0 0
0.27999999999999997 0.5000000000000001  0.0 0.0 0.005 0.001 255 0 0
0.27999999999999997 0.5200000000000001  0.0 0.0 0.005 0.001 255 0 0
0.27999999999999997 0.5400000000000001  0.0 0.0 0.005 0.001 255 0 0
0.27999999999999997 0.5600000000000002  0.0 0.0 0.005 0.001 255 0 0
0.27999999999999997 0.5800000000000002  0.0 0.0 0.005 0.001 255 0 0
0.27999999999999997 0.6000000000000002  0.0 0.0 0.005 0.001 255 0 0
0.27999999999999997 0.6200000000000002  0.0 0.0 0.005 0.001 255 0 0
0.27999999999999997 0.6400000000000002  0.0 0.0 0.005 0.001 255 0 0
0.27999999999999997 0.6600000000000003  0.0 0.0 0.005 0.001 255 0 0
0.27999999999999997 0.6800000000000003  0.0 0.0 0.005 0.001 255 0 0
0.27999999999999997 0.7000000000000003  0.0 0.0 0.005 0.001 255 0 0
0.27999999999999997 0.7200000000000003  0.0 0.0 0.005 0.001 255 0 0
0.27999999999999997 0.7400000000000003  0.0 0.0 0.005 0.001 255 0 0
0.27999999999999997 0.7600000000000003  0.0 0.0 0.005 0.001 255 0 0
0.27999999999999997 0.7800000000000004  0.0 0.0 0.005 0.001 255 0 0
0.27999999999999997 0.8000000000000004  0.0 0.0 0.005 0.001 255 0 0
0.27999999999999997 0.8200000000000004  0.0 0.0 0.005 0.001 255 0 0
0.27999999999999997 0.8400000000000004  0.0 0.0 0.005 0.001 255 0 0
0.27999999999999997 0.8600000000000004  0.0 0.0 0.005 0.001 255 0 0
0.27999999999999997 0.8800000000000004  0.0 0.0 0.005 0.001 255 0 0
0.27999999999999997 0.9000000000000005  0.0 0.0 0.005 0.001 255 0 0
0.27999999999999997 0.9200000000000005  0.0 0.0 0.005 0.001 255 0 0
0.27999999999999997 0.9400000000000005  0.0 0.0 0.005 0.001 255 0 0
0.27999999999999997 0.9600000000000005  0.0 0.0 0.005 0.001 255 0 0
0.27999999999999997 0.9800000000000005  0.0 0.0 0.005 0.001 255 0 0
0.3 0.02  0.0 0.0 0.005 0.001 255 0 0
0.3 0.04  0.0 0.0 0.005 0.001 255 0 0
0.3 0.06  0.0 0.0 0.005 0.001 255 0 0
0.3 0.08  0.0 0.0 0.005 0.001 255 0 0
0.3 0.1  0.0 0.0 0.005 0.001 255 0 0
0.3 0.12000000000000001  0.0 0.0 0.005 0.001 255 0 0
0.3 0.14  0.0 0.0 0.005 0.001 255 0 0
0.3 0.16  0.0 0.0 0.005 0.001 255 0 0
0.3 0.18  0.0 0.0 0.005 0.001 255 0 0
0.3 0.19999999999999998  0.0 0.0 0.005 0.001 255 0 0
0.3 0.21999999999999997  0.0 0.0 0.005 0.001 255 0 0
0.3 0.23999999999999996  0.0 0.0 0.005 0.001 255 0 0
0.3 0.25999999999999995  0.0 0.0 0.005 0.001 255 0 0
0.3 0.27999999999999997  0.0 0.0 0.005 0.001 255 0 0
0.3 0.3  0.0 0.0 0.005 0.001 255 0 0
0.3 0.32  0.0 0.0 0.005 0.001 255 0 0
0.3 0.34  0.0 0.0 0.005 0.001 255 0 0
0.3 0.36000000000000004  0.0 0.0 0.005 0.001 255 0 0
0.3 0.38000000000000006  0.0 0.0 0.005 0.001 255 0 0
0.3 0.4000000000000001  0.0 0.0 0.005 0.001 255 0 0
0.3 0.4200000000000001  0.0 0.0 0.005 0.001 255 0 0
0.3 0.4400000000000001  0.0 0.0 0.005 0.001 255 0 0
0.3 0.46000000000000013  0.0 0.0 0.005 0.001 255 0 0
0.3 0.48000000000000015  0.0 0.0 0.005 0.001 255 0 0
0.3 0.5000000000000001  0.0 0.0 0.005 0.001 255 0 0
0.3 0.5200000000000001  0.0 0.0 0.005 0.001 255 0 0
0.3 0.5400000000000001  0.0 0.0 0.005 0.001 255 0 0
0.3 0.5600000000000002  0.0 0.0 0.005 0.001 255 0 0
0.3 0.5800000000000002  0.0 0.0 0.005 0.001 255 0 0
0.3 0.6000000000000002  0.0 0.0 0.005 0.001 255 0 0
0.3 0.6200000000000002  0.0 0.0 0.005 0.001 255 0 0
0.3 0.6400000000000002  0.0 0.0 0.005 0.001 255 0 0
0.3 0.6600000000000003  0.0 0.0 0.005 0.001 255 0 0
0.3 0.6800000000000003  0.0 0.0 0.005 0.001 255 0 0
0.3 0.7000000000000003  0.0 0.0 0.005 0.001 255 0 0
0.3 0.7200000000000003  0.0 0.0 0.005 0.001 255 0 0
0.3 0.7400000000000003  0.0 0.0 0.005 0.001 255 0 0
0.3 0.7600000000000003  0.0 0.0 0.005 0.001 255 0 0
0.3 0.7800000000000004  0.0 0.0 0.005 0.001 255 0 0
0.3 0.8000000000000004  0.0 0.0 0.005 0.001 255 0 0
0.3 0.8200000000000004  0.0 0.0 0.005 0.001 255 0 0
0.3 0.8400000000000004  0.0 0.0 0.005 0.001 255 0 0
0.3 0.8600000000000004  0.0 0.0 0.005 0.001 255 0 0
0.3 0.8800000000000004  0.0 0.0 0.005 0.001 255 0 0
0.3 0.9000000000000005  0.0 0.0 0.005 0.001 255 0 0
0.3 0.9200000000000005  0.0 0.0 0.005 0.001 255 0 0
0.3 0.9400000000000005  0.0 0.0 0.005 0.001 255 0 0
0.3 0.9600000000000005  0.0 0.0 0.005 0.001 255 0 0
0.3 0.9800000000000005  0.0 0.0 0.005 0.001 255 0 0
0.32 0.02  0.0 0.0 0.005 0.001 255 0 0
0.32 0.04  0.0 0.0 0.005 0.001 255 0 0
0.32 0.06  0.0 0.0 0.005 0.001 255 0 0
0.32 0.08  0.0 0.0 0.005 0.001 255 0 0
0.32 0.1  0.0 0.0 0.005 0.001 255 0 0
0.32 0.12000000000000001  0.0 0.0 0.005 0.001 255 0 0
0.32 0.14  0.0 0.0 0.005 0.001 255 0 0
0.32 0.16  0.0 0.0 0.005 0.001 255 0 0
0.32 0.18  0.0 0.0 0.005 0.001 255 0 0
0.32 0.19999999999999998  0.0 0.0 0.005 0.001 255 0 0
0.32 0.21999999999999997  0.0 0.0 0.005 0.001 255 0 0
0.32 0.23999999999999996  0.0 0.0 0.005 0.001 255 0 0
0.32 0.25999999999999995  0.0 0.0 0.005 0.001 255 0 0
0.32 0.27999999999999997  0.0 0.0 0.005 0.001 255 0 0
0.32 0.3  0.0 0.0 0.005 0.001 255 0 0
0.32 0.32  0.0 0.0 0.005 0.001 255 0 0
0.32 0.34  0.0 0.0 0.005 0.001 255 0 0
0.32 0.36000000000000004  0.0 0.0 0.005 0.001 255 0 0
0.32 0.38000000000000006  0.0 0.0 0.005 0.001 255 0 0
0.32 0.4000000000000001  0.0 0.0 0.005 0.001 255 0 0
0.32 0.4200000000000001  0.0 0.0 0.005 0.001 255 0 0
0.32 0.4400000000000001  0.0 0.0 0.005 0.001 255 0 0
0.32 0.46000000000000013  0.0 0.0 0.005 0.001 255 0 0
0.32 0.48000000000000015  0.0 0.0 0.005 0.001 255 0 0
0.32 0.5000000000000001  0.0 0.0 0.005 0.001 255 0 0
0.32 0.5200000000000001  0.0 0.0 0.005 0.001 255 0 0
0.32 0.5400000000000001  0.0 0.0 0.005 0.001 255 0 0
0.32 0.5600000000000002  0.0 0.0 0.005 0.001 255 0 0
0.32 0.5800000000000002  0.0 0.0 0.005 0.001 255 0 0
0.32 0.6000000000000002  0.0 0.0 0.005 0.001 255 0 0
0.32 0.6200000000000002  0.0 0.0 0.005 0.001 255 0 0
0.32 0.6400000000000002  0.0 0.0 0.005 0.001 255 0 0
0.32 0.6600000000000003  0.0 0.0 0.005 0.001 255 0 0
0.32 0.6800000000000003  0.0 0.0 0.005 0.001 255 0 0
0.32 0.7000000000000003  0.0 0.0 0.005 0.001 255 0 0
0.32 0.7200000000000003  0.0 0.0 0.005 0.001 255 0 0
0.32 0.7400000000000003  0.0 0.0 0.005 0.001 255 0 0
0.32 0.7600000000000003  0.0 0.0 0.005 0.001 255 0 0
0.32 0.7800000000000004  0.0 0.0 0.005 0.001 255 0 0
0.32 0.8000000000000004  0.0 0.0 0.005 0.001 255 0 0
0.32 0.8200000000000004  0.0 0.0 0.005 0.001 255 0 0
0.32 0.8400000000000004  0.0 0.0 0.005 0.001 255 0 0
0.32 0.8600000000000004  0.0 0.0 0.005 0.001 255 0 0
0.32 0.8800000000000004  0.0 0.0 0.005 0.001 255 0 0
0.32 0.9000000000000005  0.0 0.0 0.005 0.001 255 0 0
0.32 0.9200000000000005  0.0 0.0 0.005 0.001 255 0 0
0.32 0.9400000000000005  0.0 0.0 0.005 0.001 255 0 0
0.32 0.9600000000000005  0.0 0.0 0.005 0.001 255 0 0
0.32 0.9800000000000005  0.0 0.0 0.005 0.001 255 0 0
0.34 0.02  0.0 0.0 0.005 0.001 255 0 0
0.34 0.04  0.0 0.0 0.005 0.001 255 0 0
0.34 0.06  0.0 0.0 0.005 0.001 255 0 0
0.34 0.08  0.0 0.0 0.005 0.001 255 0 0
0.34 0.1  0.0 0.0 0.005 0.001 255 0 0
0.34 0.12000000000000001  0.0 0.0 0.005 0.001 255 0 0
0.34 0.14  0.0 0.0 0.005 0.001 255 0 0
0.34 0.16  0.0 0.0 0.005 0.001 255 0 0
0.34 0.18  0.0 0.0 0.005 0.001 255 0 0
0.34 0.19999999999999998  0.0 0.0 0.005 0.001 255 0 0
0.34 0.21999999999999997  0.0 0.0 0.005 0.001 255 0 0
0.34 0.23999999999999996  0.0 0.0 0.005 0.001 255 0 0
0.34 0.25999999999999995  0.0 0.0 0.005 0.001 255 0 0
0.34 0.27999999999999997  0.0 0.0 0.005 0.001 255 0 0
0.34 0.3  0.0 0.0 0.005 0.001 255 0 0
0.34 0.32  0.0 0.0 0.005 0.001 255 0 0
0.34 0.34  0.0 0.0 0.005 0.001 255 0 0
0.34 0.36000000000000004  0.0 0.0 0.005 0.001 255 0 0
0.34 0.38000000000000006  0.0 0.0 0.005 0.001 255 0 0
0.34 0.4000000000000001  0.0 0.0 0.005 0.001 255 0 0
0.34 0.4200000000000001  0.0 0.0 0.005 0.001 255 0 0
0.34 0.4400000000000001  0.0 0.0 0.005 0.001 255 0 0
0.34 0.46000000000000013  0.0 0.0 0.005 0.001 255 0 0
0.34 0.48000000000000015  0.0 0.0 0.005 0.001 255 0 0
0.34 0.5000000000000001  0.0 0.0 0.005 0.001 255 0 0
0.34 0.5200000000000001  0.0 0.0 0.005 0.001 255 0 0
0.34 0.5400000000000001  0.0 0.0 0.005 0.001 255 0 0
0.34 0.5600000000000002  0.0 0.0 0.005 0.001 255 0 0
0.34 0.5800000000000002  0.0 0.0 0.005 0.001 255 0 0
0.34 0.6000000000000002  0.0 0.0 0.005 0.001 255 0 0
0.34 0.6200000000000002  0.0 0.0 0.005 0.001 255 0 0
0.34 0.6400000000000002  0.0 0.0 0.005 0.001 255 0 0
0.34 0.6600000000000003  0.0 0.0 0.005 0.001 255 0 0
0.34 0.6800000000000003  0.0 0.0 0.005 0.001 255 0 0
0.34 0.7000000000000003  0.0 0.0 0.005 0.001 255 0 0
0.34 0.7200000000000003  0.0 0.0 0.005 0.001 255 0 0
0.34 0.7400000000000003  0.0 0.0 0.005 0.001 255 0 0
0.34 0.7600000000000003  0.0 0.0 0.005 0.001 255 0 0
0.34 0.7800000000000004  0.0 0.0 0.005 0.001 255 0 0
0.34 0.8000000000000004  0.0 0.0 0.005 0.001 255 0 0
0.34 0.8200000000000004  0.0 0.0 0.005 0.001 255 0 0
0.34 0.8400000000000004  0.0 0.0 0.005 0.001 255 0 0
0.34 0.8600000000000004  0.0 0.0 0.005 0.001 255 0 0
0.34 0.8800000000000004  0.0 0.0 0.005 0.001 255 0 0
0.34 0.9000000000000005  0.0 0.0 0.005 0.001 255 0 0
0.34 0.9200000000000005  0.0 0.0 0.005 0.001 255 0 0
0.34 0.9400000000000005  0.0 0.0 0.005 0.001 255 0 0
0.34 0.9600000000000005  0.0 0.0 0.005 0.001 255 0 0
0.34 0.9800000000000005  0.0 0.0 0.005 0.001 255 0 0
0.36000000000000004 0.02  0.0 0.0 0.005 0.001 255 0 0
0.36000000000000004 0.04  0.0 0.0 0.005 0.001 255 0 0
0.36000000000000004 0.06  0.0 0.0 0.005 0.001 255 0 0
0.36000000000000004 0.08  0.0 0.0 0.005 0.001 255 0 0
0.36000000000000004 0.1  0.0 0.0 0.005 0.001 255 0 0
0.36000000000000004 0.12000000000000001  0.0 0.0 0.005 0.001 255 0 0
0.36000000000000004 0.14  0.0 0.0 0.005 0.001 255 0 0
0.36000000000000004 0.16  0.0 0.0 0.005 0.001 255 0 0
0.36000000000000004 0.18  0.0 0.0 0.005 0.001 255 0 0
0.36000000000000004 0.19999999999999998  0.0 0.0 0.005 0.001 255 0 0
0.36000000000000004 0.21999999999999997  0.0 0.0 0.005 0.001 255 0 0
0.36000000000000004 0.23999999999999996  0.0 0.0 0.005 0.001 255 0 0
0.36000000000000004 0.25999999999999995  0.0 0.0 0.005 0.001 255 0 0
0.36000000000000004 0.27999999999999997  0.0 0.0 0.005 0.001 255 0 0
0.36000000000000004 0.3  0.0 0.0 0.005 0.001 255 0 0
0.36000000000000004 0.32  0.0 0.0 0.005 0.001 255 0 0
0.36000000000000004 0.34  0.0 0.0 0.005 0.001 255 0 0
0.36000000000000004 0.36000000000000004  0.0 0.0 0.005 0.001 255 0 0
0.36000000000000004 0.38000000000000006  0.0 0.0 0.005 0.001 255 0 0
0.36000000000000004 0.4000000000000001  0.0 0.0 0.005 0.001 255 0 0
0.36000000000000004 0.4200000000000001  0.0 0.0 0.005 0.001 255 0 0
0.36000000000000004 0.4400000000000001  0.0 0.0 0.005 0.001 255 0 0
0.36000000000000004 0.46000000000000013  0.0 0.0 0.005 0.001 255 0 0
0.36000000000000004 0.48000000000000015  0.0 0.0 0.005 0.001 255 0 0
0.36000000000000004 0.5000000000000001  0.0 0.0 0.005 0.001 255 0 0
0.36000000000000004 0.5200000000000001  0.0 0.0 0.005 0.001 255 0 0
0.36000000000000004 0.5400000000000001  0.0 0.0 0.005 0.001 255 0 0
0.36000000000000004 0.5600000000000002  0.0 0.0 0.005 0.001 255 0 0
0.36000000000000004 0.5800000000000002  0.0 0.0 0.005 0.001 255 0 0
0.36000000000000004 0.6000000000000002  0.0 0.0 0.005 0.001 255 0 0
0.36000000000000004 0.6200000000000002  0.0 0.0 0.005 0.001 255 0 0
0.36000000000000004 0.6400000000000002  0.0 0.0 0.005 0.001 255 0 0
0.36000000000000004 0.6600000000000003  0.0 0.0 0.005 0.001 255 0 0
0.36000000000000004 0.6800000000000003  0.0 0.0 0.005 0.001 255 0 0
0.36000000000000004 0.7000000000000003  0.0 0.0 0.005 0.001 255 0 0
0.36000000000000004 0.7200000000000003  0.0 0.0 0.005 0.001 255 0 0
0.36000000000000004 0.7400000000000003  0.0 0.0 0.005 0.001 255 0 0
0.36000000000000004 0.7600000000000003  0.0 0.0 0.005 0.001 255 0 0
0.36000000000000004 0.7800000000000004  0.0 0.0 0.005 0.001 255 0 0
0.36000000000000004 0.8000000000000004  0.0 0.0 0.005 0.001 255 0 0
0.36000000000000004 0.8200000000000004  0.0 0.0 0.005 0.001 255 0 0
0.36000000000000004 0.8400000000000004  0.0 0.0 0.005 0.001 255 0 0
0.36000000000000004 0.8600000000000004  0.0 0.0 0.005 0.001 255 0 0
0.36000000000000004 0.8800000000000004  0.0 0.0 0.005 0.001 255 0 0
0.36000000000000004 0.9000000000000005  0.0 0.0 0.005 0.001 255 0 0
0.36000000000000004 0.9200000000000005  0.0 0.0 0.005 0.001 255 0 0
0.36000000000000004 0.9400000000000005  0.0 0.0 0.005 0.001 255 0 0
0.36000000000000004 0.9600000000000005  0.0 0.0 0.005 0.001 255 0 0
0.36000000000000004 0.9800000000000005  0.0 0.0 0.005 0.001 255 0 0
0.38000000000000006 0.02  0.0 0.0 0.005 0.001 255 0 0
0.38000000000000006 0.04  0.0 0.0 0.005 0.001 255 0 0
0.38000000000000006 0.06  0.0 0.0 0.005 0.001 255 0 0
0.38000000000000006 0.08  0.0 0.0 0.005 0.001 255 0 0
0.38000000000000006 0.1  0.0 0.0 0.005 0.001 255 0 0
0.38000000000000006 0.12000000000000001  0.0 0.0 0.005 0.001 255 0 0
0.38000000000000006 0.14  0.0 0.0 0.005 0.001 255 0 0
0.38000000000000006 0.16  0.0 0.0 0.005 0.001 255 0 0
0.38000000000000006 0.18  0.0 0.0 0.005 0.001 255 0 0
0.38000000000000006 0.19999999999999998  0.0 0.0 0.005 0.001 255 0 0
0.38000000000000006 0.21999999999999997  0.0 0.0 0.005 0.001 255 0 0
0.38000000000000006 0.23999999999999996  0.0 0.0 0.005 0.001 255 0 0
0.38000000000000006 0.25999999999999995  0.0 0.0 0.005 0.001 255 0 0
0.38000000000000006 0.27999999999999997  0.0 0.0 0.005 0.001 255 0 0
0.38000000000000006 0.3  0.0 0.0 0.005 0.001 255 0 0
0.38000000000000006 0.32  0.0 0.0 0.005 0.001 255 0 0
0.38000000000000006 0.34  0.0 0.0 0.005 0.001 255 0 0
0.38000000000000006 0.36000000000000004  0.0 0.0 0.005 0.001 255 0 0
0.38000000000000006 0.38000000000000006  0.0 0.0 0.005 0.001 255 0 0
0.38000000000000006 0.4000000000000001  0.0 0.0 0.005 0.001 255 0 0
0.38000000000000006 0.4200000000000001  0.0 0.0 0.005 0.001 255 0 0
0.38000000000000006 0.4400000000000001  0.0 0.0 0.005 0.001 255 0 0
0.38000000000000006 0.46000000000000013  0.0 0.0 0.005 0.001 255 0 0
0.38000000000000006 0.48000000000000015  0.0 0.0 0.005 0.001 255 0 0
0.38000000000000006 0.5000000000000001  0.0 0.0 0.005 0.001 255 0 0
0.38000000000000006 0.5200000000000001  0.0 0.0 0.005 0.001 255 0 0
0.38000000000000006 0.5400000000000001  0.0 0.0 0.005 0.001 255 0 0
0.38000000000000006 0.5600000000000002  0.0 0.0 0.005 0.001 255 0 0
0.38000000000000006 0.5800000000000002  0.0 0.0 0.005 0.001 255 0 0
0.38000000000000006 0.6000000000000002  0.0 0.0 0.005 0.001 255 0 0
0.38000000000000006 0.6200000000000002  0.0 0.0 0.005 0.001 255 0 0
0.38000000000000006 0.6400000000000002  0.0 0.0 0.005 0.001 255 0 0
0.38000000000000006 0.6600000000000003  0.0 0.0 0.005 0.001 255 0 0
0.38000000000000006 0.6800000000000003  0.0 0.0 0.005 0.001 255 0 0
0.38000000000000006 0.7000000000000003  0.0 0.0 0.005 0.001 255 0 0
0.38000000000000006 0.7200000000000003  0.0 0.0 0.005 0.001 255 0 0
0.38000000000000006 0.7400000000000003  0.0 0.0 0.005 0.001 255 0 0
0.38000000000000006 0.7600000000000003  0.0 0.0 0.005 0.001 255 0 0
0.38000000000000006 0.7800000000000004  0.0 0.0 0.005 0.001 255 0 0
0.38000000000000006 0.8000000000000004  0.0 0.0 0.005 0.001 255 0 0
0.38000000000000006 0.8200000000000004  0.0 0.0 0.005 0.001 255 0 0
0.38000000000000006 0.8400000000000004  0.0 0.0 0.005 0.001 255 0 0
0.38000000000000006 0.8600000000000004  0.0 0.0 0.005 0.001 255 0 0
0.38000000000000006 0.8800000000000004  0.0 0.0 0.005 0.001 255 0 0
0.38000000000000006 0.9000000000000005  0.0 0.0 0.005 0.001 255 0 0
0.38000000000000006 0.9200000000000005  0.0 0.0 0.005 0.001 255 0 0
0.38000000000000006 0.9400000000000005  0.0 0.0 0.005 0.001 255 0 0
0.38000000000000006 0.9600000000000005  0.0 0.0 0.005 0.001 255 0 0
0.38000000000000006 0.9800000000000005  0.0 0.0 0.005 0.001 255 0 0
0.4000000000000001 0.02  0.0 0.0 0.005 0.001 255 0 0
0.4000000000000001 0.04  0.0 0.0 0.005 0.001 255 0 0
0.4000000000000001 0.06  0.0 0.0 0.005 0.001 255 0 0
0.4000000000000001 0.08  0.0 0.0 0.005 0.001 255 0 0
0.4000000000000001 0.1  0.0 0.0 0.005 0.001 255 0 0
0.4000000000000001 0.12000000000000001  0.0 0.0 0.005 0.001 255 0 0
0.4000000000000001 0.14  0.0 0.0 0.005 0.001 255 0 0
0.4000000000000001 0.16  0.0 0.0 0.005 0.001 255 0 0
0.4000000000000001 0.18  0.0 0.0 0.005 0.001 255 0 0
0.4000000000000001 0.19999999999999998  0.0 0.0 0.005 0.001 255 0 0
0.4000000000000001 0.21999999999999997  0.0 0.0 0.005 0.001 255 0 0
0.4000000000000001 0.23999999999999996  0.0 0.0 0.005 0.001 255 0 0
0.4000000000000001 0.25999999999999995  0.0 0.0 0.005 0.001 255 0 0
0.4000000000000001 0.27999999999999997  0.0 0.0 0.005 0.001 255 0 0
0.4000000000000001 0.3  0.0 0.0 0.005 0.001 255 0 0
0.4000000000000001 0.32  0.0 0.0 0.005 0.001 255 0 0
0.4000000000000001 0.34  0.0 0.0 0.005 0.001 255 0 0
0.4000000000000001 0.36000000000000004  0.0 0.0 0.005 0.001 255 0 0
0.4000000000000001 0.38000000000000006  0.0 0.0 0.005 0.001 255 0 0
0.4000000000000001 0.4000000000000001  0.0 0.0 0.005 0.001 255 0 0
0.4000000000000001 0.4200000000000001  0.0 0.0 0.005 0.001 255 0 0
0.4000000000000001 0.4400000000000001  0.0 0.0 0.005 0.001 255 0 0
0.4000000000000001 0.46000000000000013  0.0 0.0 0.005 0.001 255 0 0
0.4000000000000001 0.48000000000000015  0.0 0.0 0.005 0.001 255 0 0
0.4000000000000001 0.5000000000000001  0.0 0.0 0.005 0.001 255 0 0
0.4000000000000001 0.5200000000000001  0.0 0.0 0.005 0.001 255 0 0
0.4000000000000001 0.5400000000000001  0.0 0.0 0.005 0.001 255 0 0
0.4000000000000001 0.5600000000000002  0.0 0.0 0.005 0.001 255 0 0
0.4000000000000001 0.5800000000000002  0.0 0.0 0.005 0.001 255 0 0
0.4000000000000001 0.6000000000000002  0.0 0.0 0.005 0.001 255 0 0
0.4000000000000001 0.6200000000000002  0.0 0.0 0.005 0.001 255 0 0
0.4000000000000001 0.6400000000000002  0.0 0.0 0.005 0.001 255 0 0
0.4000000000000001 0.6600000000000003  0.0 0.0 0.005 0.001 255 0 0
0.4000000000000001 0.6800000000000003  0.0 0.0 0.005 0.001 255 0 0
0.4000000000000001 0.7000000000000003  0.0 0.0 0.005 0.001 255 0 0
0.4000000000000001 0.7200000000000003  0.0 0.0 0.005 0.001 255 0 0
0.4000000000000001 0.7400000000000003  0.0 0.0 0.005 0.001 255 0 0
0.4000000000000001 0.7600000000000003  0.0 0.0 0.005 0.001 255 0 0
0.4000000000000001 0.7800000000000004  0.0 0.0 0.005 0.001 255 0 0
0.4000000000000001 0.8000000000000004  0.0 0.0 0.005 0.001 255 0 0
0.4000000000000001 0.8200000000000004  0.0 0.0 0.005 0.001 255 0 0
0.4000000000000001 0.8400000000000004  0.0 0.0 0.005 0.001 255 0 0
0.4000000000000001 0.8600000000000004  0.0 0.0 0.005 0.001 255 0 0
0.4000000000000001 0.8800000000000004  0.0 0.0 0.005 0.001 255 0 0
0.4000000000000001 0.9000000000000005  0.0 0.0 0.005 0.001 255 0 0
0.4000000000000001 0.9200000000000005  0.0 0.0 0.005 0.001 255 0 0
0.4000000000000001 0.9400000000000005  0.0 0.0 0.005 0.001 255 0 0
0.4000000000000001 0.9600000000000005  0.0 0.0 0.005 0.001 255 0 0
0.4000000000000001 0.9800000000000005  0.0 0.0 0.005 0.001 255 0 0
0.4200000000000001 0.02  0.0 0.0 0.005 0.001 255 0 0
0.4200000000000001 0.04  0.0 0.0 0.005 0.001 255 0 0
0.4200000000000001 0.06  0.0 0.0 0.005 0.001 255 0 0
0.4200000000000001 0.08  0.0 0.0 0.005 0.001 255 0 0
0.4200000000000001 0.1  0.0 0.0 0.005 0.001 255 0 0
0.4200000000000001 0.12000000000000001  0.0 0.0 0.005 0.001 255 0 0
0.4200000000000001 0.14  0.0 0.0 0.005 0.001 255 0 0
0.4200000000000001 0.16  0.0 0.0 0.005 0.001 255 0 0
0.4200000000000001 0.18  0.0 0.0 0.005 0.001 255 0 0
0.4200000000000001 0.19999999999999998  0.0 0.0 0.005 0.001 255 0 0
0.4200000000000001 0.21999999999999997  0.0 0.0 0.005 0.001 255 0 0
0.4200000000000001 0.23999999999999996  0.0 0.0 0.005 0.001 255 0 0
0.4200000000000001 0.25999999999999995  0.0 0.0 0.005 0.001 255 0 0
0.4200000000000001 0.27999999999999997  0.0 0.0 0.005 0.001 255 0 0
0.4200000000000001 0.3  0.0 0.0 0.005 0.001 255 0 0
0.4200000000000001 0.32  0.0 0.0 0.005 0.001 255 0 0
0.4200000000000001 0.34  0.0 0.0 0.005 0.001 255 0 0
0.4200000000000001 0.36000000000000004  0.0 0.0 0.005 0.001 255 0 0
0.4200000000000001 0.38000000000000006  0.0 0.0 0.005 0.001 255 0 0
0.4200000000000001 0.4000000000000001  0.0 0.0 0.005 0.001 255 0 0
0.4200000000000001 0.4200000000000001  0.0 0.0 0.005 0.001 255 0 0
0.4200000000000001 0.4400000000000001  0.0 0.0 0.005 0.001 255 0 0
0.4200000000000001 0.46000000000000013  0.0 0.0 0.005 0.001 255 0 0
0.4200000000000001 0.48000000000000015  0.0 0.0 0.005 0.001 255 0 0
0.4200000000000001 0.5000000000000001  0.0 0.0 0.005 0.001 255 0 0
0.4200000000000001 0.5200000000000001  0.0 0.0 0.005 0.001 255 0 0
0.4200000000000001 0.5400000000000001  0.0 0.0 0.005 0.001 255 0 0
0.4200000000000001 0.5600000000000002  0.0 0.0 0.005 0.001 255 0 0
0.4200000000000001 0.5800000000000002  0.0 0.0 0.005 0.001 255 0 0
0.4200000000000001 0.6000000000000002  0.0 0.0 0.005 0.001 255 0 0
0.4200000000000001 0.6200000000000002  0.0 0.0 0.005 0.001 255 0 0
0.4200000000000001 0.6400000000000002  0.0 0.0 0.005 0.001 255 0 0
0.4200000000000001 0.6600000000000003  0.0 0.0 0.005 0.001 255 0 0
0.4200000000000001 0.6800000000000003  0.0 0.0 0.005 0.001 255 0 0
0.4200000000000001 0.7000000000000003  0.0 0.0 0.005 0.001 255 0 0
0.4200000000000001 0.7200000000000003  0.0 0.0 0.005 0.001 255 0 0
0.4200000000000001 0.7400000000000003  0.0 0.0 0.005 0.001 255 0 0
0.4200000000000001 0.7600000000000003  0.0 0.0 0.005 0.001 255 0 0
0.4200000000000001 0.7800000000000004  0.0 0.0 0.005 0.001 255 0 0
0.4200000000000001 0.8000000000000004  0.0 0.0 0.005 0.001 255 0 0
0.4200000000000001 0.8200000000000004  0.0 0.0 0.005 0.001 255 0 0
0.4200000000000001 0.8400000000000004  0.0 0.0 0.005 0.001 255 0 0
0.4200000000000001 0.8600000000000004  0.0 0.0 0.005 0.001 255 0 0
0.4200000000000001 0.8800000000000004  0.0 0.0 0.005 0.001 255 0 0
0.4200000000000001 0.9000000000000005  0.0 0.0 0.005 0.001 255 0 0
0.4200000000000001 0.9200000000000005  0.0 0.0 0.005 0.001 255 0 0
0.4200000000000001 0.9400000000000005  0.0 0.0 0.005 0.001 255 0 0
0.4200000000000001 0.9600000000000005  0.0 0.0 0.005 0.001 255 0 0
0.4200000000000001 0.9800000000000005  0.0 0.0 0.005 0.001 255 0 0
0.4400000000000001 0.02  0.0 0.0 0.005 0.001 255 0 0
0.4400000000000001 0.04  0.0 0.0 0.005 0.001 255 0 0
0.4400000000000001 0.06  0.0 0.0 0.005 0.001 255 0 0
0.4400000000000001 0.08  0.0 0.0 0.005 0.001 255 0 0
0.4400000000000001 0.1  0.0 0.0 0.005 0.001 255 0 0
0.4400000000000001 0.12000000000000001  0.0 0.0 0.005 0.001 255 0 0
0.4400000000000001 0.14  0.0 0.0 0.005 0.001 255 0 0
0.4400000000000001 0.16  0.0 0.0 0.005 0.001 255 0 0
0.4400000000000001 0.18  0.0 0.0 0.005 0.001 255 0 0
0.4400000000000001 0.19999999999999998  0.0 0.0 0.005 0.001 255 0 0
0.4400000000000001 0.21999999999999997  0.0 0.0 0.005 0.001 255 0 0
0.4400000000000001 0.23999999999999996  0.0 0.0 0.005 0.001 255 0 0
0.4400000000000001 0.25999999999999995  0.0 0.0 0.005 0.001 255 0 0
0.4400000000000001 0.27999999999999997  0.0 0.0 0.005 0.001 255 0 0
0.4400000000000001 0.3  0.0 0.0 0.005 0.001 255 0 0
0.4400000000000001 0.32  0.0 0.0 0.005 0.001 255 0 0
0.4400000000000001 0.34  0.0 0.0 0.005 0.001 255 0 0
0.4400000000000001 0.36000000000000004  0.0 0.0 0.005 0.001 255 0 0
0.4400000000000001 0.38000000000000006  0.0 0.0 0.005 0.001 255 0 0
0.4400000000000001 0.4000000000000001  0.0 0.0 0.005 0.001 255 0 0
0.4400000000000001 0.4200000000000001  0.0 0.0 0.005 0.001 255 0 0
0.4400000000000001 0.4400000000000001  0.0 0.0 0.005 0.001 255 0 0
0.4400000000000001 0.46000000000000013  0.0 0.0 0.005 0.001 255 0 0
0.4400000000000001 0.48000000000000015  0.0 0.0 0.005 0.001 255 0 0
0.4400000000000001 0.5000000000000001  0.0 0.0 0.005 0.001 255 0 0
0.4400000000000001 0.5200000000000001  0.0 0.0 0.005 0.001 255 0 0
0.4400000000000001 0.5400000000000001  0.0 0.0 0.005 0.001 255 0 0
0.4400000000000001 0.5600000000000002  0.0 0.0 0.005 0.001 255 0 0
0.4400000000000001 0.5800000000000002  0.0 0.0 0.005 0.001 255 0 0
0.4400000000000001 0.6000000000000002  0.0 0.0 0.005 0.001 255 0 0
0.4400000000000001 0.6200000000000002  0.0 0.0 0.005 0.001 255 0 0
0.4400000000000001 0.6400000000000002  0.0 0.0 0.005 0.001 255 0 0
0.4400000000000001 0.6600000000000003  0.0 0.0 0.005 0.001 255 0 0
0.4400000000000001 0.6800000000000003  0.0 0.0 0.005 0.001 255 0 0
0.4400000000000001 0.7000000000000003  0.0 0.0 0.005 0.001 255 0 0
0.4400000000000001 0.7200000000000003  0.0 0.0 0.005 0.001 255 0 0
0.4400000000000001 0.7400000000000003  0.0 0.0 0.005 0.001 255 0 0
0.4400000000000001 0.7600000000000003  0.0 0.0 0.005 0.001 255 0 0
0.4400000000000001 0.7800000000000004  0.0 0.0 0.005 0.001 255 0 0
0.4400000000000001 0.8000000000000004  0.0 0.0 0.005 0.001 255 0 0
0.4400000000000001 0.8200000000000004  0.0 0.0 0.005 0.001 255 0 0
0.4400000000000001 0.8400000000000004  0.0 0.0 0.005 0.001 255 0 0
0.4400000000000001 0.8600000000000004  0.0 0.0 0.005 0.001 255 0 0
0.4400000000000001 0.8800000000000004  0.0 0.0 0.005 0.001 255 0 0
0.4400000000000001 0.9000000000000005  0.0 0.0 0.005 0.001 255 0 0
0.4400000000000001 0.9200000000000005  0.0 0.0 0.005 0.001 255 0 0
0.4400000000000001 0.9400000000000005  0.0 0.0 0.005 0.001 255 0 0
0.4400000000000001 0.9600000000000005  0.0 0.0 0.005 0.001 255 0 0
0.4400000000000001 0.9800000000000005  0.0 0.0 0.005 0.001 255 0 0
0.46000000000000013 0.02  0.0 0.0 0.005 0.001 255 0 0
0.46000000000000013 0.04  0.0 0.0 0.005 0.001 255 0 0
0.46000000000000013 0.06  0.0 0.0 0.005 0.001 255 0 0
0.46000000000000013 0.08  0.0 0.0 0.005 0.001 255 0 0
0.46000000000000013 0.1  0.0 0.0 0.005 0.001 255 0 0
0.46000000000000013 0.12000000000000001  0.0 0.0 0.005 0.001 255 0 0
0.46000000000000013 0.14  0.0 0.0 0.005 0.001 255 0 0
0.46000000000000013 0.16  0.0 0.0 0.005 0.001 255 0 0
0.46000000000000013 0.18  0.0 0.0 0.005 0.001 255 0 0
0.46000000000000013 0.19999999999999998  0.0 0.0 0.005 0.001 255 0 0
0.46000000000000013 0.21999999999999997  0.0 0.0 0.005 0.001 255 0 0
0.46000000000000013 0.23999999999999996  0.0 0.0 0.005 0.001 255 0 0
0.46000000000000013 0.25999999999999995  0.0 0.0 0.005 0.001 255 0 0
0.46000000000000013 0.27999999999999997  0.0 0.0 0.005 0.001 255 0 0
0.46000000000000013 0.3  0.0 0.0 0.005 0.001 255 0 0
0.46000000000000013 0.32  0.0 0.0 0.005 0.001 255 0 0
0.46000000000000013 0.34  0.0 0.0 0.005 0.001 255 0 0
0.46000000000000013 0.36000000000000004  0.0 0.0 0.005 0.001 255 0 0
0.46000000000000013 0.38000000000000006  0.0 0.0 0.005 0.001 255 0 0
0.46000000000000013 0.4000000000000001  0.0 0.0 0.005 0.001 255 0 0
0.46000000000000013 0.4200000000000001  0.0 0.0 0.005 0.001 255 0 0
0.46000000000000013 0.4400000000000001  0.0 0.0 0.005 0.001 255 0 0
0.46000000000000013 0.46000000000000013  0.0 0.0 0.005 0.001 255 0 0
0.46000000000000013 0.48000000000000015  0.0 0.0 0.005 0.001 255 0 0
0.46000000000000013 0.5000000000000001  0.0 0.0 0.005 0.001 255 0 0
0.46000000000000013 0.5200000000000001  0.0 0.0 0.005 0.001 255 0 0
0.46000000000000013 0.5400000000000001  0.0 0.0 0.005 0.001 255 0 0
0.46000000000000013 0.5600000000000002  0.0 0.0 0.005 0.001 255 0 0
0.46000000000000013 0.5800000000000002  0.0 0.0 0.005 0.001 255 0 0
0.46000000000000013 0.6000000000000002  0.0 0.0 0.005 0.001 255 0 0
0.46000000000000013 0.6200000000000002  0.0 0.0 0.005 0.001 255 0 0
0.46000000000000013 0.6400000000000002  0.0 0.0 0.005 0.001 255 0 0
0.46000000000000013 0.6600000000000003  0.0 0.0 0.005 0.001 255 0 0
0.46000000000000013 0.6800000000000003  0.0 0.0 0.005 0.001 255 0 0
0.46000000000000013 0.7000000000000003  0.0 0.0 0.005 0.001 255 0 0
0.46000000000000013 0.7200000000000003  0.0 0.0 0.005 0.001 255 0 0
0.46000000000000013 0.7400000000000003  0.0 0.0 0.005 0.001 255 0 0
0.46000000000000013 0.7600000000000003  0.0 0.0 0.005 0.001 255 0 0
0.46000000000000013 0.7800000000000004  0.0 0.0 0.005 0.001 255 0 0
0.46000000000000013 0.8000000000000004  0.0 0.0 0.005 0.001 255 0 0
0.46000000000000013 0.8200000000000004  0.0 0.0 0.005 0.001 255 0 0
0.46000000000000013 0.8400000000000004  0.0 0.0 0.005 0.001 255 0 0
0.46000000000000013 0.8600000000000004  0.0 0.0 0.005 0.001 255 0 0
0.46000000000000013 0.8800000000000004  0.0 0.0 0.005 0.001 255 0 0
0.46000000000000013 0.9000000000000005  0.0 0.0 0.005 0.001 255 0 0
0.46000000000000013 0.9200000000000005  0.0 0.0 0.005 0.001 255 0 0
0.46000000000000013 0.9400000000000005  0.0 0.0 0.005 0.001 255 0 0
0.46000000000000013 0.9600000000000005  0.0 0.0 0.005 0.001 255 0 0
0.46000000000000013 0.9800000000000005  0.0 0.0 0.005 0.001 255 0 0
0.48000000000000015 0.02  0.0 0.0 0.005 0.001 255 0 0
0.48000000000000015 0.04  0.0 0.0 0.005 0.001 255 0 0
0.48000000000000015 0.06  0.0 0.0 0.005 0.001 255 0 0
0.48000000000000015 0.08  0.0 0.0 0.005 0.001 255 0 0
0.48000000000000015 0.1  0.0 0.0 0.005 0.001 255 0 0
0.48000000000000015 0.12000000000000001  0.0 0.0 0.005 0.001 255 0 0
0.48000000000000015 0.14  0.0 0.0 0.005 0.001 255 0 0
0.48000000000000015 0.16  0.0 0.0 0.005 0.001 255 0 0
0.48000000000000015 0.18  0.0 0.0 0.005 0.001 255 0 0
0.48000000000000015 0.19999999999999998  0.0 0.0 0.005 0.001 255 0 0
0.48000000000000015 0.21999999999999997  0.0 0.0 0.005 0.001 255 0 0
0.48000000000000015 0.23999999999999996  0.0 0.0 0.005 0.001 255 0 0
0.48000000000000015 0.25999999999999995  0.0 0.0 0.005 0.001 255 0 0
0.48000000000000015 0.27999999999999997  0.0 0.0 0.005 0.001 255 0 0
0.48000000000000015 0.3  0.0 0.0 0.005 0.001 255 0 0
0.48000000000000015 0.32  0.0 0.0 0.005 0.001 255 0 0
0.48000000000000015 0.34  0.0 0.0 0.005 0.001 255 0 0
0.48000000000000015 0.36000000000000004  0.0 0.0 0.005 0.001 255 0 0
0.48000000000000015 0.38000000000000006  0.0 0.0 0.005 0.001 255 0 0
0.48000000000000015 0.4000000000000001  0.0 0.0 0.005 0.001 255 0 0
0.48000000000000015 0.4200000000000001  0.0 0.0 0.005 0.001 255 0 0
0.48000000000000015 0.4400000000000001  0.0 0.0 0.005 0.001 255 0 0
0.48000000000000015 0.46000000000000013  0.0 0.0 0.005 0.001 255 0 0
0.48000000000000015 0.48000000000000015  0.0 0.0 0.005 0.001 255 0 0
0.48000000000000015 0.5000000000000001  0.0 0.0 0.005 0.001 255 0 0
0.48000000000000015 0.5200000000000001  0.0 0.0 0.005 0.001 255 0 0
0.48000000000000015 0.5400000000000001  0.0 0.0 0.005 0.001 255 0 0
0.48000000000000015 0.5600000000000002  0.0 0.0 0.005 0.001 255 0 0
0.48000000000000015 0.5800000000000002  0.0 0.0 0.005 0.001 255 0 0
0.48000000000000015 0.6000000000000002  0.0 0.0 0.005 0.001 255 0 0
0.48000000000000015 0.6200000000000002  0.0 0.0 0.005 0.001 255 0 0
0.48000000000000015 0.6400000000000002  0.0 0.0 0.005 0.001 255 0 0
0.48000000000000015 0.6600000000000003  0.0 0.0 0.005 0.001 255 0 0
0.48000000000000015 0.6800000000000003  0.0 0.0 0.005 0.001 255 0 0
0.48000000000000015 0.7000000000000003  0.0 0.0 0.005 0.001 255 0 0
0.48000000000000015 0.7200000000000003  0.0 0.0 0.005 0.001 255 0 0
0.48000000000000015 0.7400000000000003  0.0 0.0 0.005 0.001 255 0 0
0.48000000000000015 0.7600000000000003  0.0 0.0 0.005 0.001 255 0 0
0.48000000000000015 0.7800000000000004  0.0 0.0 0.005 0.001 255 0 0
0.48000000000000015 0.8000000000000004  0.0 0.0 0.005 0.001 255 0 0
0.48000000000000015 0.8200000000000004  0.0 0.0 0.005 0.001 255 0 0
0.48000000000000015 0.8400000000000004  0.0 0.0 0.005 0.001 255 0 0
0.48000000000000015 0.8600000000000004  0.0 0.0 0.005 0.001 255 0 0
0.48000000000000015 0.8800000000000004  0.0 0.0 0.005 0.001 255 0 0
0.48000000000000015 0.9000000000000005  0.0 0.0 0.005 0.001 255 0 0
0.48000000000000015 0.9200000000000005  0.0 0.0 0.005 0.001 255 0 0
0.48000000000000015 0.9400000000000005  0.0 0.0 0.005 0.001 255 0 0
0.48000000000000015 0.9600000000000005  0.0 0.0 0.005 0.001 255 0 0
0.48000000000000015 0.9800000000000005  0.0 0.0 0.005 0.001 255 0 0
0.75 0.5 -0.005 0.0 0.15 10000 0 255 255
